1.477943944038244473e+00
1.888580518813196552e+00
3.572710111752960271e-01
1.250906633595395556e-01
1.169357808821593236e+00
1.081867633960595515e-01
-4.878052013008151722e-01
7.213828104925369411e-01
-6.312840597575149204e-02
-2.534575901936406694e-01
-1.432863191461431596e+00
-5.992041746617988718e-01
1.226867025950645340e+00
7.774611103408576307e-01
-1.905249411055841002e-01
1.838667113623648319e+00
-1.133553954839164657e+00
-9.996083134119598812e-01
-1.309135078175809319e+00
2.547623429824428687e+00
1.046288380845180388e+00
9.882061728531905676e-01
-4.370165600923623384e-01
-2.107241586064400707e+00
-7.570287573223669630e-01
-1.024961456985956643e+00
1.278781166585679641e-01
-1.536334051182588034e+00
-9.350800009887716424e-01
6.896773729408340881e-01
6.594924027302305758e-01
4.029575928303556487e-01
4.482620311165956828e+00
-5.816549007001823313e-01
-7.647060728098298288e-01
-1.154732053056640062e+00
-1.300567646843966640e+00
1.230923068553239075e+00
4.312298846152581300e-01
8.359104093050904183e-01
-9.240618323097928855e-01
2.773402366516404816e-01
7.934013974613703946e-01
7.525816411529888672e-01
6.970503379618470108e-01
-1.037780833540488112e+00
-1.082519320967246568e+00
-9.630809057157083131e-02
1.090416776386938930e-01
-5.915020027057282803e-01
5.327347735640763915e-01
-6.008613561745246301e-01
-1.720817425106889731e-01
3.556346777986615360e-01
4.188520197837137249e-01
2.263225236259413187e+00
2.024882694307962971e+00
-4.633944571280276259e-01
1.905131162985958193e+00
-9.383613438435312037e-01
2.499775566942422436e-02
3.145425841284073543e-01
1.610896358961758645e+00
8.229431293338108633e-01
-1.994236882341823502e+00
9.760242550263897865e-01
1.109069277766038697e+00
5.885594471654874704e-01
1.334148747569845694e+00
4.666996526955451419e-01
-9.127914336895489589e-01
1.257926655486729661e+00
-6.750454405462423813e-01
2.605605173936228702e+00
-1.622630229692663684e-01
1.609227811181911161e+00
6.186984783006171940e-01
-5.345841327812367316e-01
-3.163970158664754506e-01
-3.642569384210734840e-01
1.454924900491127993e+00
9.794466839289360793e-01
-8.684450495391096703e-02
8.803755441154093031e-01
5.721962926033693497e-01
-4.766858465740321793e-01
5.621693253707636950e-01
-1.401476213439307505e+00
-8.448717867093524791e-01
-7.249812334507068634e-01
4.076773896394659258e-01
1.959711282421843892e+00
-1.600010167146361129e+00
-4.488429834977220589e-01
-3.877130723355855513e-01
5.012467825043206426e-01
-1.695134996768782543e+00
-1.607789915111650814e+00
1.313921929339557648e+00
1.326491351590982415e+00
6.594021586763599840e-01
-4.390845386066331568e-01
-7.616388645583815897e-01
1.345305872658259405e+00
-5.181124275913869814e-01
-5.400329530404520545e-02
5.546139041750503679e-02
-1.090331949965286373e+00
9.512405253565957564e-01
5.594303873017574258e-01
6.590722103039541313e-01
2.512218346905241706e-01
-1.281958167291904926e+00
2.268076221414980220e-01
1.579903272619274324e+00
2.039265809295756959e+00
-1.886616439598653772e+00
-1.137319192074056629e+00
7.652554848182288039e-01
-7.848822613584901520e-01
2.596622552074177581e-01
2.051078111285402905e-01
-1.388769756796553179e-01
3.089550751664103534e-01
4.128000159539420566e-01
1.990708450721771772e-01
-5.360678566971301962e-01
-2.266142807977693518e+00
-8.092445757973033560e-01
-8.571570660471650172e-01
3.003477164997259696e-01
6.634729116796201920e-01
-4.565659522331148024e-01
-1.461482231026371426e-01
-3.003900108800142132e-01
-1.351796738115530472e+00
-2.860285497501325325e-01
-1.096593190766423698e+00
-1.580500179224350321e-01
8.545749945384616131e-02
-1.609823717636649443e+00
3.395547527062093285e-01
-6.254777886099145423e-01
-7.805647449394420567e-02
-1.240021410387296630e+00
-3.206060777352922053e-01
-1.233952682503867103e-02
3.367261959375915659e-01
-1.153988083642550233e+00
-1.029858717398540735e+00
3.081388658976229045e-01
-2.077724339492148520e-01
5.152536950733905829e-01
-2.684436740554060896e-01
1.723073937121029076e+00
8.906311670037874162e-01
3.392092600048864925e-01
-1.876471125712288746e-01
6.925909501669783586e-01
1.569058995824773872e-01
6.664643191867012373e-01
1.496512658402606277e+00
1.230328727058363825e+00
3.084952109402847586e-01
-1.254945101318278022e-01
1.364437437207073112e+00
-4.971049212717389976e-01
-6.206814755447064291e-01
-2.288747011223329908e-01
-5.593166433254173064e-01
-6.439380525880068484e-01
-2.739089634475720736e+00
-1.370914706249592996e-01
-6.744235235762234826e-01
-1.204517264475042149e+00
8.999564835466810145e-03
1.054273337091273355e+00
-4.641608503813324238e-01
-4.878398191261344718e-02
-1.022546179690121182e+00
4.554151860706670552e-01
-4.726909165105010469e-01
1.181052035736557260e+00
-8.223638015834584536e-01
-1.886599251544248013e+00
1.388249568264222855e+00
-7.500431672348334411e-01
5.793898930186042184e-01
7.517738574683967556e-01
1.163462199209167380e+00
2.831473464195551348e-01
7.560978903946173890e-01
3.747781823318427352e-01
6.040242824039380176e-01
5.498796356793107520e-01
5.354468792501705376e-01
6.460523632601734567e-01
2.545935916560496462e-02
-6.344604649859413303e-01
-4.610651599511266796e-01
1.157670365675088853e+00
-1.493671645956403893e+00
-9.303510341651115567e-01
9.675381733870618284e-01
2.303439810145496480e+00
-1.138794008292598692e+00
5.723344094386958458e-01
-6.932469540532028122e-03
-2.737516110401409630e+00
1.092432657009956981e-01
6.175939427215221267e-01
-1.120396668524684447e+00
-6.976193437580660017e-01
1.724724952096426955e+00
6.893857506327188966e-01
-6.913428517626628578e-01
1.782615469369506211e+00
7.144454644954354450e-01
-9.948496257432827283e-01
1.991305459956256296e+00
1.095090473036242490e-01
7.529515949051530654e-01
7.453401208148736912e-02
2.123244289118877692e-01
-1.908877415552109047e-01
-2.627707914346161799e-01
-8.569692214536852592e-01
-8.863865341356197414e-01
4.665395243114452972e-01
5.118414750014905756e-01
1.375369611575855577e+00
-5.378228238232706238e-01
1.977663289019433723e-01
-3.457701924806299565e-01
-4.156040992381183630e-01
1.551087180860726056e+00
4.826697958094846586e-01
4.355546744527644676e-01
-9.577481798556927162e-01
-2.796773450357777080e-02
-1.303719149685242495e+00
1.197827276269905594e+00
-3.733140743626001679e-01
1.837502697122378015e+00
-1.936742213376999033e-01
1.981216337643351588e+00
-2.017512984340180004e+00
-2.500186868503495585e-01
7.189285723856883026e-01
8.058410139290998753e-02
1.362955244302142654e+00
-5.652677977216571392e-01
1.307117718106954873e-01
1.753349415839289716e+00
4.938971993312242792e-01
4.151546286905626326e-01
1.613770307159048956e-01
3.021836310702269435e-01
1.809827209493533873e-01
-5.274833032186668769e-01
2.348497947661544849e+00
-1.320788747352908077e+00
-4.580047787073343590e-01
7.380010974851868299e-01
-1.471391322631871557e+00
-1.143670223493728155e+00
-6.930957270411446103e-02
-9.625601863010357917e-01
4.345836694095580599e-01
4.234683921197584522e-01
-8.082843291696206744e-01
-2.265581789417688174e+00
-1.330334066079938982e+00
4.278757602134826143e-01
1.090805960071771219e+00
-5.103950038271060780e-02
-2.856303415862692319e+00
-4.840153651094571824e-02
-1.128675141766846801e+00
2.937274967832900763e-01
-1.075259599032444946e+00
2.450416525303358739e+00
3.207314759082977029e-01
2.079446272013105168e-01
-7.313455685724278288e-01
3.705502805732726057e-01
-6.554500322905606469e-01
-1.204560313129670490e+00
7.189928025226626218e-01
-1.061045282038501680e+00
4.912844100869823150e-01
-3.874496710545672351e-01
5.070448944409369219e-01
7.187730112087066248e-01
-6.190840382247009277e-01
-9.318544163716584450e-01
3.658374844526192660e-01
-1.714112385546237238e+00
-1.677307523617601381e+00
1.232391727230654821e+00
-1.483768326654681058e+00
2.334098156177879246e-01
1.504403581220592756e-01
4.207371822539593964e-01
9.448073755445457467e-01
6.478620878137199002e-01
-8.022611408739187544e-01
6.983352501071324880e-01
-6.895772798062149711e-01
-1.045675852327452748e+00
4.771596751093762911e-01
-1.173056163390264306e+00
-7.904367960391627257e-01
-3.763931431380902470e-01
-1.987494407227430593e-01
-4.378395386076853191e-01
1.015240102877904116e+00
-3.707422401716996968e-02
-2.654752011908526610e-01
5.917087505577319773e-01
1.167399785338768092e+00
7.334877946168149032e-01
6.748906412230719631e-01
-3.761030523293922706e-02
6.651070254759212930e-02
6.432693074720441384e-01
-1.006923753068956540e+00
-8.292293522917980608e-01
1.979512749235511571e+00
5.437427626077541154e-01
-6.010705266480997899e-01
-1.056206560199359101e+00
2.799518647028971241e-01
7.652114850958795234e-02
-6.662086970666433183e-01
1.257320652003363293e+00
-7.551522745288081762e-01
3.066850452782312608e-01
6.218159674539516235e-01
6.192640443988454285e-02
-9.661228158385917197e-01
1.068091580118923467e+00
1.546831186544472159e+00
-7.689522197393932057e-01
-2.379843885629190081e-01
2.473604969284108446e+00
8.466928441747697542e-01
-3.243508050014139998e-01
-2.475095140578605635e-01
3.102188112265527042e-01
5.594573499002896133e-01
1.723975272840057249e+00
1.147524255084657385e+00
1.331764110516779898e+00
1.139113415471582291e+00
-2.413594996962849792e-01
1.145350258943626104e-01
1.518042354641682357e+00
-8.246223647963619729e-01
1.531736917118571295e+00
1.241506139695319755e+00
1.670881350913575814e+00
-1.604463432693546743e+00
2.034192231419303720e+00
5.347634814210159293e-01
-1.366603351232245966e+00
2.004258180793784039e+00
-1.338593845597327636e+00
9.444789004317446501e-01
-2.374046837895060214e-01
-3.572860254981343742e-01
1.004329343369307903e+00
3.393479887464019296e-01
3.792525187039549328e-01
-1.004325495249045908e+00
