1 2 0.71729
2 3 1.07278
3 4 0.116746
4 5 2.06751
5 6 0.853273
6 7 0.373114
7 8 0.390428
8 9 0.42199
9 10 -0.24546
10 11 0.352233
11 12 -0.305594
12 13 1.88415
13 14 0.635665
14 15 1.04425
15 16 2.764
16 17 0.190733
17 18 0.39598
18 19 0.589969
19 20 0.642136
20 21 -0.209622
21 22 0.187455
22 23 0.420362
23 24 1.07572
24 25 0.769492
25 26 1.06507
26 27 -0.286281
27 28 0.416519
28 29 0.728696
29 30 1.28642
30 31 0.174677
31 32 1.87469
32 1 0
33 34 0.849378
34 35 -0.662203
35 36 1.2604
36 37 1.08096
37 38 0.178727
38 39 1.33048
39 40 -0.0044932
40 41 0.612995
41 42 1.4342
42 43 2.22336
43 44 0.678001
44 45 -0.575267
45 46 0.880262
46 47 1.26886
47 48 1.12505
48 49 1.30546
49 50 -0.30272
50 51 0.104522
51 52 0.127448
52 53 0.0600519
53 54 -0.0809847
54 55 1.16643
55 56 -0.367591
56 57 1.19923
57 58 1.24285
58 59 2.46487
59 60 0.0219312
60 61 0.51736
61 62 0.437208
62 63 0.528189
63 64 0.795463
64 33 0
65 66 0.664369
66 67 0.740318
67 68 0.973457
68 69 0.460542
69 70 1.11692
70 71 0.808572
71 72 -0.477056
72 73 0.931991
73 74 0.500925
74 75 0.0132797
75 76 0.227844
76 77 0.993835
77 78 -0.529848
78 79 1.5213
79 80 0.143745
80 81 0.366764
81 82 1.03309
82 83 -0.486124
83 84 0.320173
84 85 -0.133347
85 86 1.70363
86 87 1.37195
87 88 0.460766
88 89 1.02079
89 90 0.986299
90 91 1.07567
91 92 0.383561
92 93 0.300525
93 94 -0.140491
94 95 1.35814
95 96 -0.261202
96 65 0
97 98 1.27173
98 99 0.68181
99 100 0.534433
100 101 1.88018
101 102 0.251053
102 103 0.403219
103 104 1.68499
104 105 0.252023
105 106 0.328073
106 107 0.24034
107 108 0.32209
108 109 1.00445
109 110 0.0282106
110 111 0.396607
111 112 0.183151
112 113 0.345351
113 114 0.721697
114 115 1.76385
115 116 0.64215
116 117 -0.553398
117 118 0.671659
118 119 0.185146
119 120 -0.82832
120 121 0.152854
121 122 -0.0208952
122 123 1.39777
123 124 0.357572
124 125 -0.0790677
125 126 1.23024
126 127 1.28949
127 128 1.21061
128 97 0
129 130 -0.343473
130 131 1.40724
131 132 0.605099
132 133 0.109185
133 134 -0.101423
134 135 0.515253
135 136 0.970083
136 137 1.1833
137 138 -0.1514
138 139 0.624283
139 140 -0.209539
140 141 2.79076
141 142 1.29906
142 143 2.25583
143 144 0.519902
144 145 1.27032
145 146 2.15294
146 147 -0.762139
147 148 0.971007
148 149 1.78167
149 150 0.656261
150 151 0.0119528
151 152 -0.139433
152 153 1.60411
153 154 2.34467
154 155 0.509474
155 156 1.31901
156 157 1.01902
157 158 1.39209
158 159 -0.894067
159 160 -0.264609
160 129 0
161 162 0.797083
162 163 2.00645
163 164 -0.143688
164 165 -1.01213
165 166 1.18257
166 167 0.433909
167 168 0.0464201
168 169 1.26182
169 170 0.476635
170 171 0.772987
171 172 2.38647
172 173 -1.08649
173 174 1.64561
174 175 0.454064
175 176 2.27705
176 177 0.0453815
177 178 1.43859
178 179 0.602056
179 180 -0.960851
180 181 -0.119457
181 182 1.03232
182 183 0.788089
183 184 0.44234
184 185 -0.24819
185 186 -0.87457
186 187 0.175288
187 188 0.926169
188 189 1.18841
189 190 0.397825
190 191 -0.353521
191 192 0.9899
192 161 0
193 194 0.987653
194 195 1.12833
195 196 1.14483
196 197 0.496817
197 198 -0.502509
198 199 0.545306
199 200 3.03898
200 201 0.167226
201 202 -0.783996
202 203 0.718761
203 204 0.282439
204 205 -0.255299
205 206 0.0022116
206 207 0.0860081
207 208 0.509223
208 209 0.343961
209 210 0.499267
210 211 0.626992
211 212 0.463673
212 213 0.795606
213 214 0.399457
214 215 -0.249366
215 216 -0.78604
216 217 0.844752
217 218 1.80201
218 219 0.575459
219 220 0.937512
220 221 0.368853
221 222 1.53179
222 223 0.397093
223 224 0.857014
224 193 0
225 226 0.107183
226 227 1.41662
227 228 1.02571
228 229 1.75739
229 230 0.240016
230 231 0.952272
231 232 0.0448745
232 233 1.4702
233 234 0.542035
234 235 2.64969
235 236 1.3847
236 237 1.26664
237 238 0.74046
238 239 0.414662
239 240 1.21254
240 241 0.683674
241 242 1.9759
242 243 0.602001
243 244 0.911498
244 245 -0.381001
245 246 0.730706
246 247 -0.200335
247 248 1.86121
248 249 0.557727
249 250 1.54754
250 251 0.634128
251 252 -0.206903
252 253 -0.404841
253 254 -0.058552
254 255 2.16725
255 256 -0.199677
256 225 0
257 258 0.283965
258 259 0.819468
259 260 -0.102683
260 261 0.499554
261 262 0.938377
262 263 1.11625
263 264 -0.645907
264 265 0.832159
265 266 1.37109
266 267 0.135844
267 268 2.56994
268 269 1.34106
269 270 -0.417544
270 271 1.38702
271 272 1.39601
272 273 0.874534
273 274 0.785322
274 275 -0.102559
275 276 0.842622
276 277 0.555634
277 278 0.593043
278 279 2.06475
279 280 1.89227
280 281 1.34291
281 282 1.53854
282 283 0.741883
283 284 0.46305
284 285 0.554711
285 286 0.347054
286 287 0.736617
287 288 0.0024725
288 257 0
289 290 -0.0341305
290 291 0.941608
291 292 0.023421
292 293 0.51509
293 294 1.1202
294 295 -0.553463
295 296 1.17996
296 297 1.65939
297 298 0.800937
298 299 0.603381
299 300 1.41389
300 301 0.138283
301 302 0.726814
302 303 -0.543821
303 304 -0.14379
304 305 1.92659
305 306 0.197579
306 307 0.995994
307 308 -0.0996604
308 309 0.90945
309 310 0.812031
310 311 0.341665
311 312 -0.504428
312 313 2.04399
313 314 0.27671
314 315 2.00417
315 316 1.08977
316 317 -0.250575
317 318 0.222804
318 319 0.373558
319 320 0.87212
320 289 0
321 322 1.37671
322 323 1.46715
323 324 0.706006
324 325 0.569719
325 326 0.529301
326 327 0.985422
327 328 0.936151
328 329 -0.377253
329 330 0.288626
330 331 2.21061
331 332 -0.164768
332 333 0.230141
333 334 0.761689
334 335 0.913922
335 336 0.8898
336 337 0.579577
337 338 0.686138
338 339 0.728974
339 340 -0.098137
340 341 0.607832
341 342 0.394189
342 343 1.23809
343 344 -0.43981
344 345 0.849199
345 346 0.867443
346 347 0.247477
347 348 -0.728908
348 349 0.21568
349 350 0.0397613
350 351 1.27505
351 352 -0.0703259
352 321 0
353 354 0.907568
354 355 0.807871
355 356 0.217244
356 357 -1.19986
357 358 0.550012
358 359 0.440117
359 360 -0.579508
360 361 -0.22608
361 362 0.936286
362 363 -0.379418
363 364 1.22362
364 365 0.692644
365 366 0.781289
366 367 0.311681
367 368 -0.228605
368 369 1.00379
369 370 0.194736
370 371 1.60377
371 372 0.212863
372 373 0.203856
373 374 -0.0081349
374 375 1.16168
375 376 0.036486
376 377 1.20672
377 378 1.21078
378 379 0.605955
379 380 1.09026
380 381 0.237195
381 382 0.429013
382 383 1.20719
383 384 0.242713
384 353 0
385 386 0.56981
386 387 0.992403
387 388 1.4797
388 389 0.954551
389 390 -0.563619
390 391 0.118592
391 392 0.407147
392 393 1.0725
393 394 0.632298
394 395 3.47962
395 396 0.933648
396 397 1.2937
397 398 0.58835
398 399 -0.297964
399 400 2.8222
400 401 0.975156
401 402 0.577502
402 403 0.98358
403 404 0.470857
404 405 0.915758
405 406 -0.348955
406 407 1.46528
407 408 0.255672
408 409 0.934449
409 410 1.23855
410 411 0.965092
411 412 2.35755
412 413 1.73593
413 414 -0.0158342
414 415 1.75596
415 416 0.284729
416 385 0
417 418 1.38082
418 419 0.037952
419 420 0.0758345
420 421 0.266434
421 422 1.56118
422 423 1.39044
423 424 -0.193138
424 425 1.94881
425 426 1.22497
426 427 2.01156
427 428 0.666152
428 429 -0.0362108
429 430 1.40778
430 431 0.0493682
431 432 -0.400723
432 433 0.852308
433 434 0.190347
434 435 0.79973
435 436 0.659713
436 437 0.434567
437 438 -0.0479045
438 439 1.04563
439 440 1.13312
440 441 1.42547
441 442 0.399319
442 443 -0.0903932
443 444 0.597031
444 445 0.645588
445 446 1.16713
446 447 0.108535
447 448 0.565125
448 417 0
449 450 0.877711
450 451 -0.211282
451 452 0.353775
452 453 0.263148
453 454 -0.0249217
454 455 1.82219
455 456 2.34629
456 457 0.180667
457 458 1.18229
458 459 0.243423
459 460 0.0708263
460 461 0.104051
461 462 2.21988
462 463 0.540101
463 464 0.421121
464 465 -0.723847
465 466 1.11827
466 467 0.870022
467 468 3.28663
468 469 1.70151
469 470 0.239758
470 471 0.811425
471 472 0.190702
472 473 2.17156
473 474 1.27183
474 475 0.48205
475 476 1.21581
476 477 0.13371
477 478 -0.447431
478 479 -0.342715
479 480 -0.239924
480 449 0
481 482 0.744174
482 483 0.465786
483 484 0.237389
484 485 0.708159
485 486 1.37337
486 487 0.270749
487 488 0.449453
488 489 2.3797
489 490 0.674075
490 491 -0.391838
491 492 -1.06308
492 493 2.65183
493 494 1.07249
494 495 1.32085
495 496 0.0062442
496 497 -0.482396
497 498 -0.129025
498 499 0.16509
499 500 -0.437342
500 501 0.847256
501 502 1.56753
502 503 0.503089
503 504 0.781416
504 505 -1.91052
505 506 1.04047
506 507 0.985282
507 508 1.95451
508 509 0.879279
509 510 1.07386
510 511 1.3257
511 512 0.553539
512 481 0
513 514 1.41922
514 515 -0.323509
515 516 0.0496693
516 517 0.427593
517 518 0.613473
518 519 0.0748106
519 520 0.0781225
520 521 1.17427
521 522 0.718043
522 523 1.22783
523 524 1.01069
524 525 0.143003
525 526 -0.96032
526 527 0.643617
527 528 0.925629
528 529 0.345733
529 530 0.491637
530 531 -0.24078
531 532 1.81334
532 533 0.298019
533 534 0.192486
534 535 1.06276
535 536 1.07973
536 537 0.84222
537 538 0.0454414
538 539 1.07046
539 540 1.34934
540 541 1.08324
541 542 1.74196
542 543 -0.006706
543 544 1.04605
544 513 0
545 546 0.771736
546 547 0.198315
547 548 1.48495
548 549 0.975532
549 550 0.630627
550 551 1.67487
551 552 0.104783
552 553 0.243699
553 554 1.6072
554 555 2.34253
555 556 -0.324611
556 557 -0.328087
557 558 0.72185
558 559 0.964072
559 560 1.15543
560 561 0.86959
561 562 0.872351
562 563 0.960754
563 564 0.485242
564 565 -0.283362
565 566 0.62056
566 567 2.14191
567 568 0.702895
568 569 0.658787
569 570 0.503984
570 571 0.457165
571 572 0.367439
572 573 0.339402
573 574 -1.08455
574 575 1.41563
575 576 1.31511
576 545 0
577 578 -0.0819798
578 579 0.800784
579 580 1.89101
580 581 0.85395
581 582 0.975551
582 583 0.503847
583 584 1.54453
584 585 0.6519
585 586 0.814153
586 587 0.619695
587 588 0.367882
588 589 0.448805
589 590 -0.354501
590 591 -0.0729394
591 592 0.758453
592 593 1.10457
593 594 2.4422
594 595 0.1125
595 596 0.825538
596 597 1.45033
597 598 0.380048
598 599 0.352576
599 600 2.01301
600 601 0.351173
601 602 -1.5799
602 603 0.60261
603 604 0.445564
604 605 -0.42011
605 606 1.21004
606 607 1.32011
607 608 1.25499
608 577 0
609 610 -0.0123421
610 611 0.793332
611 612 0.950809
612 613 0.537542
613 614 0.840854
614 615 0.318802
615 616 0.540183
616 617 0.820029
617 618 0.360241
618 619 -0.237944
619 620 1.24795
620 621 1.32117
621 622 0.474087
622 623 -0.299226
623 624 1.75253
624 625 -0.44076
625 626 1.35477
626 627 0.339406
627 628 -0.945728
628 629 0.0254345
629 630 1.274
630 631 0.61833
631 632 0.417283
632 633 0.711301
633 634 0.0497825
634 635 2.47511
635 636 2.23419
636 637 0.108527
637 638 1.3602
638 639 0.417089
639 640 0.332595
640 609 0
641 642 -0.293966
642 643 1.28914
643 644 0.0824839
644 645 -0.0791678
645 646 0.0372993
646 647 0.389196
647 648 0.369036
648 649 0.367702
649 650 0.796202
650 651 0.975218
651 652 0.755827
652 653 1.66559
653 654 0.818363
654 655 0.818824
655 656 0.648381
656 657 0.433284
657 658 0.508878
658 659 1.79261
659 660 0.810977
660 661 0.0183117
661 662 0.321295
662 663 0.385293
663 664 0.419901
664 665 0.191227
665 666 0.885914
666 667 1.31144
667 668 0.699981
668 669 0.382623
669 670 -0.753493
670 671 0.163978
671 672 1.49436
672 641 0
673 674 0.227295
674 675 1.1117
675 676 1.32527
676 677 1.04628
677 678 0.135218
678 679 1.10058
679 680 -0.0786568
680 681 1.53649
681 682 0.289383
682 683 0.494514
683 684 1.23571
684 685 0.408888
685 686 -0.730786
686 687 0.0057447
687 688 0.232247
688 689 0.275164
689 690 1.81519
690 691 0.408223
691 692 0.98043
692 693 -0.0360098
693 694 -0.281518
694 695 1.0057
695 696 0.388402
696 697 -0.333047
697 698 0.814884
698 699 0.442298
699 700 0.509365
700 701 0.461923
701 702 0.673189
702 703 1.09881
703 704 -0.0395075
704 673 0
705 706 -0.251458
706 707 -0.166615
707 708 0.183917
708 709 -0.0901117
709 710 1.06262
710 711 0.667552
711 712 0.92019
712 713 0.724611
713 714 1.18369
714 715 1.30005
715 716 0.810633
716 717 -0.213157
717 718 1.53542
718 719 0.0835058
719 720 2.5715
720 721 1.1406
721 722 1.78964
722 723 0.702562
723 724 0.48195
724 725 0.163599
725 726 0.814269
726 727 1.35479
727 728 1.1382
728 729 0.577873
729 730 -0.342046
730 731 2.33726
731 732 0.0065797
732 733 0.620626
733 734 0.18994
734 735 -0.292114
735 736 0.747384
736 705 0
737 738 0.77707
738 739 0.51063
739 740 -0.443073
740 741 0.291189
741 742 2.12139
742 743 0.383375
743 744 -0.191919
744 745 0.560207
745 746 0.180351
746 747 -0.392299
747 748 -0.742575
748 749 2.30068
749 750 -0.0356094
750 751 1.2323
751 752 0.961637
752 753 0.876435
753 754 1.37119
754 755 -0.399563
755 756 0.256377
756 757 1.33353
757 758 0.683023
758 759 -0.236212
759 760 0.292958
760 761 1.39475
761 762 1.05062
762 763 -0.0787776
763 764 0.0225095
764 765 0.601435
765 766 0.454737
766 767 2.13869
767 768 -0.71648
768 737 0
769 770 0.899339
770 771 1.17165
771 772 1.66028
772 773 -0.105304
773 774 1.0341
774 775 1.79961
775 776 0.848804
776 777 -0.26657
777 778 -0.0465398
778 779 1.38833
779 780 1.02276
780 781 1.03798
781 782 -0.0259458
782 783 1.09526
783 784 0.482395
784 785 -0.24992
785 786 1.92552
786 787 0.0319059
787 788 -0.542786
788 789 1.0268
789 790 0.387482
790 791 0.148098
791 792 1.1934
792 793 0.857894
793 794 1.26271
794 795 -1.24195
795 796 0.548106
796 797 0.484481
797 798 0.778065
798 799 1.01375
799 800 0.824071
800 769 0
801 802 0.319697
802 803 -0.168178
803 804 1.70481
804 805 0.452361
805 806 1.40076
806 807 -0.173926
807 808 -0.570966
808 809 0.393865
809 810 0.50959
810 811 0.0492359
811 812 -0.16147
812 813 1.20214
813 814 0.811312
814 815 0.654467
815 816 2.20954
816 817 1.15672
817 818 0.0568263
818 819 0.466213
819 820 0.317714
820 821 0.857753
821 822 0.747367
822 823 -0.698918
823 824 0.867353
824 825 -0.0785393
825 826 0.170747
826 827 0.440047
827 828 2.37323
828 829 0.642803
829 830 -0.302062
830 831 1.0386
831 832 0.276359
832 801 0
833 834 0.136495
834 835 1.75898
835 836 -0.62034
836 837 1.43469
837 838 -0.70125
838 839 2.85198
839 840 0.882233
840 841 1.48906
841 842 1.59618
842 843 -0.132572
843 844 1.8462
844 845 0.503511
845 846 0.194055
846 847 2.25992
847 848 -0.40309
848 849 0.563483
849 850 0.202537
850 851 1.04302
851 852 1.00647
852 853 -0.368512
853 854 0.392789
854 855 0.50188
855 856 -0.975639
856 857 0.605772
857 858 0.182261
858 859 0.478074
859 860 -0.0738309
860 861 0.742086
861 862 -0.054364
862 863 1.10927
863 864 0.0858888
864 833 0
865 866 0.199542
866 867 2.5804
867 868 1.26259
868 869 0.020722
869 870 0.77257
870 871 0.0452648
871 872 1.07729
872 873 -0.369372
873 874 0.486376
874 875 0.161172
875 876 1.46931
876 877 1.09697
877 878 0.41302
878 879 -0.485851
879 880 2.40669
880 881 0.919249
881 882 0.414707
882 883 -0.110292
883 884 1.51532
884 885 0.945101
885 886 0.49941
886 887 1.71851
887 888 0.953191
888 889 1.57233
889 890 1.11398
890 891 -0.389246
891 892 0.455368
892 893 0.273535
893 894 -0.0919256
894 895 0.206244
895 896 0.747662
896 865 0
897 898 -0.189762
898 899 0.290871
899 900 0.288549
900 901 1.81215
901 902 2.04677
902 903 0.155145
903 904 -0.394435
904 905 0.832547
905 906 -0.0893454
906 907 0.454363
907 908 0.97126
908 909 2.69957
909 910 -0.100875
910 911 0.883335
911 912 0.594251
912 913 1.48106
913 914 1.32813
914 915 0.191932
915 916 0.463751
916 917 0.747586
917 918 -0.666453
918 919 0.274754
919 920 0.468029
920 921 -0.203523
921 922 0.861003
922 923 0.0220633
923 924 1.03153
924 925 0.810176
925 926 1.25064
926 927 1.70295
927 928 -0.140724
928 897 0
929 930 0.603201
930 931 1.18889
931 932 0.84256
932 933 0.274908
933 934 1.404
934 935 0.999707
935 936 0.617769
936 937 1.89473
937 938 1.07261
938 939 2.33054
939 940 -1.74315
940 941 0.31688
941 942 1.80254
942 943 0.0168396
943 944 1.38733
944 945 -0.94326
945 946 0.974926
946 947 1.31984
947 948 -0.0426505
948 949 1.97393
949 950 1.49485
950 951 1.8669
951 952 0.172236
952 953 -0.751877
953 954 1.79523
954 955 1.26013
955 956 0.178277
956 957 0.202323
957 958 0.789746
958 959 1.03045
959 960 2.49017
960 929 0
961 962 0.219425
962 963 0.358212
963 964 0.913503
964 965 0.0217943
965 966 0.784992
966 967 -0.0682437
967 968 0.807252
968 969 1.82589
969 970 0.960598
970 971 1.39274
971 972 1.58737
972 973 0.327427
973 974 0.70123
974 975 0.473382
975 976 -0.24617
976 977 1.30704
977 978 0.876917
978 979 0.4121
979 980 0.517673
980 981 1.27276
981 982 0.790196
982 983 0.715514
983 984 -0.0335006
984 985 0.954903
985 986 1.37457
986 987 -0.913196
987 988 0.0377411
988 989 -0.0728481
989 990 0.717126
990 991 -0.419522
991 992 1.49878
992 961 0
993 994 1.17435
994 995 -0.448212
995 996 -0.486532
996 997 0.508443
997 998 1.82508
998 999 1.79905
999 1000 1.92092
1000 1001 0.899106
1001 1002 1.4124
1002 1003 1.38922
1003 1004 0.9365
1004 1005 1.87216
1005 1006 0.521597
1006 1007 0.232258
1007 1008 0.151479
1008 1009 0.721125
1009 1010 0.0499491
1010 1011 0.641792
1011 1012 0.170983
1012 1013 1.035
1013 1014 -0.0284629
1014 1015 -0.0600611
1015 1016 -0.166676
1016 1017 1.30891
1017 1018 0.416032
1018 1019 0.27179
1019 1020 1.72821
1020 1021 1.4915
1021 1022 -0.01807
1022 1023 -0.587239
1023 1024 -0.0416049
1024 993 0
1 33 0.828254
2 34 -0.840977
3 35 1.07062
4 36 0.571634
5 37 -0.397792
6 38 1.25908
7 39 0.653441
8 40 0.813094
9 41 1.73039
10 42 1.36027
11 43 0.186076
12 44 0.717088
13 45 -0.101057
14 46 -0.188885
15 47 0.157407
16 48 0.509681
17 49 0.290737
18 50 1.27829
19 51 0.588221
20 52 0.833984
21 53 1.49881
22 54 1.15995
23 55 0.753931
24 56 -0.25813
25 57 0.0304055
26 58 0.893363
27 59 0.524276
28 60 0.580426
29 61 -0.367372
30 62 0.997598
31 63 1.16154
32 64 2.7582
33 65 1.01693
34 66 1.10069
35 67 2.46025
36 68 0.539226
37 69 1.15861
38 70 0.197169
39 71 1.41373
40 72 0.179364
41 73 -0.0710538
42 74 1.13558
43 75 0.245033
44 76 0.864482
45 77 1.23524
46 78 1.28523
47 79 0.86216
48 80 1.89441
49 81 0.587656
50 82 1.90522
51 83 0.945799
52 84 1.23921
53 85 0.138616
54 86 1.86006
55 87 0.437339
56 88 1.12074
57 89 0.104031
58 90 1.36808
59 91 -0.576244
60 92 0.641761
61 93 0.977879
62 94 1.06328
63 95 -0.0486233
64 96 0.0434747
65 97 0.584522
66 98 0.721206
67 99 1.19916
68 100 1.37151
69 101 2.36972
70 102 -0.338002
71 103 1.34332
72 104 0.128185
73 105 0.555452
74 106 0.364349
75 107 -0.0887483
76 108 1.92388
77 109 0.621312
78 110 0.577318
79 111 -0.472739
80 112 1.69914
81 113 0.932104
82 114 0.419554
83 115 0.268159
84 116 0.173524
85 117 1.34395
86 118 -0.501361
87 119 0.993617
88 120 0.290834
89 121 0.620834
90 122 -0.15776
91 123 1.36518
92 124 -0.13764
93 125 1.56999
94 126 -0.336808
95 127 1.94837
96 128 0.242099
97 129 0.866147
98 130 -0.146757
99 131 -0.0011278
100 132 0.519932
101 133 0.855271
102 134 0.811499
103 135 -0.422517
104 136 1.53828
105 137 0.0828857
106 138 0.234687
107 139 1.08145
108 140 0.612835
109 141 -0.108546
110 142 3.45203
111 143 0.802963
112 144 0.226281
113 145 1.81156
114 146 0.0740497
115 147 0.642828
116 148 2.30944
117 149 1.5505
118 150 0.396849
119 151 1.38847
120 152 1.09483
121 153 -0.438041
122 154 1.32434
123 155 1.66792
124 156 0.677051
125 157 0.843305
126 158 0.679368
127 159 0.702473
128 160 1.30846
129 161 -0.113146
130 162 0.280463
131 163 -0.380762
132 164 0.141347
133 165 0.192905
134 166 0.846234
135 167 0.209955
136 168 -0.163081
137 169 0.990742
138 170 -0.188651
139 171 0.522823
140 172 0.846338
141 173 0.213541
142 174 0.73129
143 175 -0.160871
144 176 0.695089
145 177 0.647222
146 178 0.684715
147 179 0.814524
148 180 0.494269
149 181 1.49648
150 182 -0.299407
151 183 0.481902
152 184 1.72905
153 185 1.6704
154 186 1.56193
155 187 -0.524911
156 188 1.27878
157 189 1.54639
158 190 0.245864
159 191 0.836932
160 192 0.678511
161 193 0.4357
162 194 0.304017
163 195 0.640706
164 196 1.50305
165 197 0.606902
166 198 1.43816
167 199 0.332226
168 200 0.23455
169 201 1.13064
170 202 1.80316
171 203 0.276036
172 204 0.327377
173 205 0.0473839
174 206 2.56408
175 207 0.304795
176 208 0.48677
177 209 0.795541
178 210 0.452475
179 211 0.439111
180 212 3.51472
181 213 0.159572
182 214 0.177423
183 215 1.81405
184 216 0.0295485
185 217 0.172439
186 218 0.794101
187 219 0.961054
188 220 0.108473
189 221 0.13504
190 222 1.07341
191 223 0.286924
192 224 0.505672
193 225 2.9889
194 226 1.729
195 227 0.197621
196 228 0.475564
197 229 -0.0546246
198 230 0.265985
199 231 0.878939
200 232 0.973323
201 233 0.0721725
202 234 0.540024
203 235 1.17614
204 236 -0.290772
205 237 0.540483
206 238 0.19433
207 239 -0.208285
208 240 1.35747
209 241 -0.315661
210 242 0.218544
211 243 -0.11283
212 244 0.188386
213 245 0.354828
214 246 0.570807
215 247 0.73028
216 248 1.62053
217 249 -0.0316388
218 250 -0.160735
219 251 1.48958
220 252 1.09487
221 253 1.28372
222 254 0.532431
223 255 0.12533
224 256 0.716289
225 257 0.262777
226 258 0.288264
227 259 1.05462
228 260 0.315805
229 261 1.47059
230 262 -0.284463
231 263 1.03424
232 264 0.983548
233 265 -0.343859
234 266 1.16004
235 267 -0.0308887
236 268 -0.418406
237 269 2.22412
238 270 -0.357702
239 271 -0.882061
240 272 0.846717
241 273 0.579455
242 274 0.202983
243 275 0.69895
244 276 0.195738
245 277 1.78366
246 278 0.860222
247 279 1.59763
248 280 -0.478414
249 281 0.0780201
250 282 0.26981
251 283 0.883643
252 284 0.55129
253 285 -0.599234
254 286 1.01845
255 287 -0.181821
256 288 2.44477
257 289 1.06863
258 290 -0.24963
259 291 1.38588
260 292 -0.0506472
261 293 1.374
262 294 0.638377
263 295 0.488574
264 296 0.625349
265 297 -0.600882
266 298 1.18271
267 299 -0.270385
268 300 0.86646
269 301 1.82096
270 302 0.801435
271 303 0.277302
272 304 0.554193
273 305 0.461497
274 306 -0.170866
275 307 1.13619
276 308 0.322817
277 309 0.593866
278 310 1.01841
279 311 1.25528
280 312 -0.0629315
281 313 0.330971
282 314 1.20258
283 315 0.184342
284 316 -0.248101
285 317 0.267693
286 318 -0.922602
287 319 2.42856
288 320 1.45019
289 321 1.16061
290 322 0.0274221
291 323 -0.40052
292 324 -0.269978
293 325 0.159579
294 326 0.875652
295 327 2.6577
296 328 0.792527
297 329 1.13541
298 330 1.15753
299 331 1.10429
300 332 0.231109
301 333 -0.616314
302 334 1.38748
303 335 0.421872
304 336 1.52775
305 337 2.52825
306 338 0.247274
307 339 0.019425
308 340 1.50012
309 341 -0.21156
310 342 -0.992758
311 343 0.667006
312 344 0.252709
313 345 1.08407
314 346 0.616835
315 347 0.944869
316 348 1.28132
317 349 0.16239
318 350 0.771456
319 351 -0.142649
320 352 0.557679
321 353 0.755266
322 354 1.08414
323 355 -1.21859
324 356 0.675669
325 357 -0.309945
326 358 0.571921
327 359 0.387249
328 360 1.08776
329 361 1.17834
330 362 1.51873
331 363 0.408561
332 364 1.11288
333 365 0.739929
334 366 0.954014
335 367 0.460417
336 368 -0.953178
337 369 1.38617
338 370 0.385455
339 371 -0.15727
340 372 0.637099
341 373 0.107421
342 374 1.0655
343 375 0.662017
344 376 0.570607
345 377 1.23649
346 378 1.23964
347 379 0.380996
348 380 0.242639
349 381 0.124506
350 382 -0.389376
351 383 0.958016
352 384 1.30815
353 385 1.19181
354 386 3.23343
355 387 2.35299
356 388 1.84092
357 389 1.40409
358 390 1.55671
359 391 1.10837
360 392 2.32304
361 393 1.25919
362 394 -0.243527
363 395 0.972993
364 396 -0.357114
365 397 1.48926
366 398 1.03645
367 399 0.406187
368 400 1.75127
369 401 1.00915
370 402 0.144634
371 403 0.0020132
372 404 1.25433
373 405 -0.0296662
374 406 1.05915
375 407 -0.529862
376 408 0.208742
377 409 0.523429
378 410 0.36174
379 411 0.660262
380 412 1.89715
381 413 0.257247
382 414 1.68845
383 415 1.06736
384 416 0.450258
385 417 1.0068
386 418 0.103821
387 419 0.19875
388 420 1.01085
389 421 0.854324
390 422 -0.0730306
391 423 0.031655
392 424 0.442593
393 425 -0.249623
394 426 -0.688177
395 427 0.537102
396 428 0.319826
397 429 1.56706
398 430 1.49499
399 431 0.608524
400 432 0.404919
401 433 1.31972
402 434 0.645595
403 435 1.00858
404 436 0.105736
405 437 1.17587
406 438 -0.0404558
407 439 0.625381
408 440 0.559815
409 441 1.46704
410 442 -0.0259197
411 443 0.880764
412 444 0.126694
413 445 1.63856
414 446 1.18062
415 447 1.25783
416 448 0.803159
417 449 1.9345
418 450 0.800757
419 451 0.360296
420 452 -0.217288
421 453 0.491608
422 454 1.35558
423 455 1.00305
424 456 1.9354
425 457 0.570196
426 458 -0.043561
427 459 0.603764
428 460 0.0157151
429 461 0.335066
430 462 0.379912
431 463 0.550867
432 464 1.10684
433 465 1.04535
434 466 0.954513
435 467 1.94341
436 468 -0.318271
437 469 0.799678
438 470 -0.0778168
439 471 0.533473
440 472 1.05746
441 473 0.587501
442 474 0.89778
443 475 1.52044
444 476 -1.32284
445 477 0.770555
446 478 0.333361
447 479 0.53687
448 480 0.545262
449 481 1.84912
450 482 -0.55641
451 483 -0.0888736
452 484 0.634396
453 485 0.169425
454 486 0.336799
455 487 -0.25014
456 488 1.01895
457 489 1.14651
458 490 -0.577177
459 491 0.675413
460 492 0.344947
461 493 0.374138
462 494 1.76429
463 495 -0.189548
464 496 0.569576
465 497 1.54725
466 498 1.78039
467 499 1.13017
468 500 0.694943
469 501 -0.0087761
470 502 -0.0653626
471 503 0.134599
472 504 1.46129
473 505 0.604756
474 506 0.319855
475 507 0.320796
476 508 0.992389
477 509 2.1039
478 510 0.841512
479 511 1.021
480 512 0.831438
481 513 0.645634
482 514 0.794148
483 515 1.70178
484 516 0.35971
485 517 0.670158
486 518 -0.735028
487 519 -0.174685
488 520 1.34622
489 521 0.37392
490 522 1.01938
491 523 1.08807
492 524 1.02999
493 525 0.847051
494 526 -0.0157676
495 527 1.17738
496 528 1.85334
497 529 -0.0439166
498 530 1.50233
499 531 0.886902
500 532 1.63394
501 533 -0.0162577
502 534 0.24816
503 535 0.544277
504 536 0.926761
505 537 0.685816
506 538 0.843256
507 539 -0.779852
508 540 -0.138061
509 541 2.6011
510 542 -0.306145
511 543 0.872891
512 544 0.804642
513 545 0.212824
514 546 0.357211
515 547 0.0761896
516 548 -0.0542391
517 549 -0.0932948
518 550 0.209222
519 551 0.156547
520 552 0.465209
521 553 -0.360513
522 554 0.123318
523 555 1.00048
524 556 0.417136
525 557 1.92274
526 558 0.674049
527 559 0.720664
528 560 0.398278
529 561 -0.776781
530 562 1.32507
531 563 1.96069
532 564 0.309283
533 565 0.579094
534 566 -0.225065
535 567 1.51989
536 568 0.990443
537 569 1.17633
538 570 3.49523
539 571 1.0789
540 572 1.1764
541 573 0.695356
542 574 -0.399543
543 575 0.295397
544 576 1.07083
545 577 0.204503
546 578 0.297704
547 579 1.44373
548 580 -0.294153
549 581 1.22389
550 582 1.60657
551 583 1.01426
552 584 0.683092
553 585 0.356438
554 586 -0.160999
555 587 1.74061
556 588 0.981718
557 589 0.72118
558 590 2.02155
559 591 -0.578016
560 592 -0.158962
561 593 2.10066
562 594 0.0901593
563 595 0.333507
564 596 0.0477266
565 597 0.761674
566 598 1.15962
567 599 1.04814
568 600 0.674875
569 601 -0.0569913
570 602 2.09886
571 603 1.00241
572 604 0.104372
573 605 0.387696
574 606 0.496576
575 607 0.754428
576 608 2.04065
577 609 0.5113
578 610 0.0333947
579 611 1.07235
580 612 -0.221599
581 613 -0.911494
582 614 1.40494
583 615 -0.565585
584 616 1.1187
585 617 -0.520269
586 618 0.658123
587 619 0.885685
588 620 -0.239774
589 621 0.744255
590 622 1.50558
591 623 0.575863
592 624 1.58033
593 625 0.306998
594 626 0.939139
595 627 1.48451
596 628 1.31565
597 629 0.313453
598 630 -0.409463
599 631 0.223421
600 632 1.17134
601 633 1.41887
602 634 0.614382
603 635 0.759712
604 636 1.07065
605 637 -0.251536
606 638 1.1587
607 639 2.01678
608 640 -0.627391
609 641 0.517142
610 642 0.608819
611 643 0.899003
612 644 0.337854
613 645 1.49046
614 646 -0.855658
615 647 1.58413
616 648 0.266361
617 649 0.854302
618 650 -0.216978
619 651 0.220478
620 652 -0.69722
621 653 0.0858134
622 654 0.636708
623 655 1.3551
624 656 -0.563659
625 657 1.49746
626 658 -1.06692
627 659 0.750422
628 660 0.622527
629 661 0.82841
630 662 0.889939
631 663 0.610933
632 664 0.479372
633 665 1.10877
634 666 1.65593
635 667 0.916816
636 668 -0.364037
637 669 0.261604
638 670 1.5207
639 671 1.13876
640 672 0.305675
641 673 0.323922
642 674 1.0477
643 675 0.37323
644 676 -0.0037474
645 677 -0.187135
646 678 0.916704
647 679 0.0438748
648 680 0.546537
649 681 1.85998
650 682 1.73586
651 683 -1.3415
652 684 1.09304
653 685 2.02065
654 686 1.65001
655 687 0.934703
656 688 0.838646
657 689 0.969565
658 690 -0.181278
659 691 2.11269
660 692 0.128676
661 693 2.11072
662 694 -0.0673578
663 695 0.318686
664 696 0.582007
665 697 0.190583
666 698 -0.245132
667 699 0.646895
668 700 1.53467
669 701 0.119333
670 702 0.833648
671 703 0.5553
672 704 -0.0754272
673 705 0.988738
674 706 0.408758
675 707 1.6679
676 708 1.29483
677 709 0.504487
678 710 0.257168
679 711 0.823155
680 712 -0.0675043
681 713 -0.57725
682 714 1.10618
683 715 0.459281
684 716 0.255735
685 717 0.287654
686 718 1.075
687 719 0.950501
688 720 1.06666
689 721 0.628687
690 722 0.454771
691 723 0.500608
692 724 -0.189393
693 725 -0.221367
694 726 -0.323432
695 727 1.34728
696 728 1.06943
697 729 1.2332
698 730 0.753347
699 731 1.48329
700 732 0.5423
701 733 0.638013
702 734 0.500869
703 735 0.437229
704 736 0.175041
705 737 0.412807
706 738 0.0982358
707 739 1.2487
708 740 0.602841
709 741 0.110158
710 742 1.32532
711 743 0.408046
712 744 1.60505
713 745 -0.138679
714 746 0.682069
715 747 1.07545
716 748 0.359468
717 749 1.50691
718 750 1.40702
719 751 0.109731
720 752 0.158802
721 753 -0.742189
722 754 1.21912
723 755 0.492899
724 756 -0.0862421
725 757 1.49136
726 758 0.0029137
727 759 0.351927
728 760 1.75843
729 761 0.0514021
730 762 2.27388
731 763 2.69942
732 764 1.2453
733 765 -0.228239
734 766 0.662385
735 767 1.7827
736 768 0.534247
737 769 1.84398
738 770 0.229185
739 771 0.0333663
740 772 1.10576
741 773 0.725864
742 774 -0.546249
743 775 0.362603
744 776 1.72678
745 777 2.11946
746 778 0.674392
747 779 0.284657
748 780 -0.505217
749 781 0.605193
750 782 -0.148941
751 783 1.5174
752 784 -0.180586
753 785 1.2937
754 786 0.362607
755 787 0.0153513
756 788 3.40783
757 789 0.841021
758 790 0.369526
759 791 0.639946
760 792 0.619955
761 793 0.662234
762 794 0.744202
763 795 2.1701
764 796 1.19862
765 797 0.727755
766 798 0.149279
767 799 0.0527247
768 800 0.806277
769 801 0.860821
770 802 0.35261
771 803 -0.63835
772 804 0.506423
773 805 -0.0796693
774 806 -0.697781
775 807 1.33008
776 808 2.69458
777 809 0.685457
778 810 -0.0637882
779 811 2.05626
780 812 0.152777
781 813 1.20773
782 814 0.12924
783 815 -0.0071268
784 816 0.142112
785 817 0.0817552
786 818 1.95124
787 819 1.00436
788 820 0.536787
789 821 0.526411
790 822 -0.817168
791 823 1.67358
792 824 0.142858
793 825 1.10646
794 826 1.0591
795 827 -0.521065
796 828 0.185195
797 829 0.47346
798 830 0.563268
799 831 3.00781
800 832 -0.227415
801 833 0.979117
802 834 0.364421
803 835 1.06109
804 836 0.537456
805 837 0.733479
806 838 1.53568
807 839 1.38164
808 840 1.66621
809 841 -0.139974
810 842 1.09566
811 843 -0.154354
812 844 1.735
813 845 0.0600934
814 846 0.401054
815 847 1.39023
816 848 -0.255611
817 849 -0.398054
818 850 0.73993
819 851 1.073
820 852 0.725214
821 853 2.40801
822 854 1.83939
823 855 1.76489
824 856 1.37413
825 857 1.05133
826 858 0.822416
827 859 1.01411
828 860 -0.470158
829 861 0.628082
830 862 0.211157
831 863 0.552771
832 864 0.267076
833 865 -0.0407916
834 866 -0.332602
835 867 1.62393
836 868 1.34669
837 869 1.33047
838 870 1.30378
839 871 1.14121
840 872 -0.0190241
841 873 1.85599
842 874 0.634399
843 875 0.615175
844 876 2.21548
845 877 1.1233
846 878 0.571391
847 879 2.10456
848 880 0.972091
849 881 0.0391393
850 882 0.69442
851 883 0.395915
852 884 0.0608481
853 885 2.16505
854 886 1.10325
855 887 4.32908
856 888 0.803921
857 889 1.03047
858 890 -0.489241
859 891 -0.0174642
860 892 1.35827
861 893 0.726888
862 894 0.139336
863 895 1.59321
864 896 0.606612
865 897 0.808343
866 898 0.190468
867 899 -0.32847
868 900 -0.162684
869 901 1.42996
870 902 -0.0395525
871 903 1.14108
872 904 1.00184
873 905 1.25842
874 906 0.891453
875 907 1.13314
876 908 0.697712
877 909 0.121501
878 910 0.251688
879 911 1.4382
880 912 1.32559
881 913 1.035
882 914 1.55483
883 915 -0.285154
884 916 0.351946
885 917 0.62928
886 918 -0.25697
887 919 -0.0290572
888 920 -0.0822129
889 921 0.741258
890 922 -0.0057658
891 923 1.99786
892 924 -0.306171
893 925 0.595998
894 926 0.582445
895 927 0.610796
896 928 0.273258
897 929 1.15935
898 930 0.194725
899 931 1.29212
900 932 1.06783
901 933 -0.478091
902 934 1.63915
903 935 0.769644
904 936 -0.0009427
905 937 0.907046
906 938 -0.908021
907 939 0.768571
908 940 0.375028
909 941 1.13193
910 942 0.495637
911 943 1.28425
912 944 -0.745568
913 945 1.0837
914 946 0.827923
915 947 1.09778
916 948 2.63429
917 949 1.29698
918 950 1.27852
919 951 0.178429
920 952 0.708013
921 953 -0.420079
922 954 1.21436
923 955 0.897056
924 956 0.091986
925 957 -0.4148
926 958 0.214528
927 959 1.01635
928 960 0.417867
929 961 0.679702
930 962 -0.0491938
931 963 0.155171
932 964 -0.0789412
933 965 0.412558
934 966 0.260104
935 967 1.08675
936 968 -0.180183
937 969 -0.551586
938 970 -0.558793
939 971 1.85828
940 972 1.07696
941 973 1.12142
942 974 0.243709
943 975 1.76365
944 976 1.05827
945 977 1.42253
946 978 -0.631977
947 979 0.885694
948 980 0.339974
949 981 0.0030969
950 982 0.0251159
951 983 1.08595
952 984 1.19723
953 985 1.64237
954 986 1.81925
955 987 1.84228
956 988 -0.364788
957 989 1.1751
958 990 1.21973
959 991 1.87683
960 992 -0.207343
961 993 0.663437
962 994 0.814968
963 995 2.18722
964 996 0.571692
965 997 0.251514
966 998 1.12778
967 999 1.53421
968 1000 1.80224
969 1001 1.90591
970 1002 1.46898
971 1003 0.686666
972 1004 0.778788
973 1005 -0.829369
974 1006 0.5971
975 1007 -0.0391738
976 1008 1.44401
977 1009 -0.337853
978 1010 0.232417
979 1011 1.24425
980 1012 1.10925
981 1013 0.0629297
982 1014 2.23046
983 1015 2.51659
984 1016 0.269717
985 1017 1.23896
986 1018 -0.136836
987 1019 0.0878947
988 1020 0.605786
989 1021 0.494382
990 1022 0.804299
991 1023 1.61532
992 1024 1.09488
993 1 0
994 2 0
995 3 0
996 4 0
997 5 0
998 6 0
999 7 0
1000 8 0
1001 9 0
1002 10 0
1003 11 0
1004 12 0
1005 13 0
1006 14 0
1007 15 0
1008 16 0
1009 17 0
1010 18 0
1011 19 0
1012 20 0
1013 21 0
1014 22 0
1015 23 0
1016 24 0
1017 25 0
1018 26 0
1019 27 0
1020 28 0
1021 29 0
1022 30 0
1023 31 0
1024 32 0
