0 1 0.34987
1 2 0.268355
2 3 0.415637
3 4 1.59596
4 5 0.183694
5 6 0.583946
6 7 0.794542
7 8 -0.742553
8 9 1.71093
9 10 1.24381
10 11 0.137945
11 12 1.0343
12 13 1.57232
13 14 1.74153
14 15 0.863768
15 16 0.983921
16 17 -0.838327
17 18 0.949228
18 19 0.732882
19 20 0.405463
20 21 0.521419
21 22 0.557194
22 23 0.621127
23 24 0.170444
24 25 0.0993943
25 26 0.930213
26 27 -0.869318
27 28 0.828231
28 29 0.513475
29 30 1.34899
30 31 1.31319
31 0 0
32 33 -0.16313
33 34 1.40268
34 35 0.856597
35 36 0.156679
36 37 1.33644
37 38 0.776332
38 39 -0.131746
39 40 1.18154
40 41 2.2904
41 42 1.29096
42 43 0.744971
43 44 0.57937
44 45 0.288788
45 46 0.915557
46 47 1.02679
47 48 1.70296
48 49 0.982315
49 50 -0.195551
50 51 0.876804
51 52 -0.159432
52 53 1.69778
53 54 -0.411918
54 55 -0.168613
55 56 0.78167
56 57 0.303483
57 58 1.12192
58 59 0.957877
59 60 -0.434556
60 61 0.104779
61 62 1.21491
62 63 1.04864
63 32 0
64 65 2.11307
65 66 0.0939519
66 67 0.866387
67 68 -0.0111688
68 69 2.52197
69 70 -0.257946
70 71 -1.25075
71 72 -0.505406
72 73 0.844509
73 74 0.76899
74 75 1.68017
75 76 0.81241
76 77 1.46609
77 78 0.0473541
78 79 0.566223
79 80 1.53398
80 81 0.0854705
81 82 0.340671
82 83 1.07066
83 84 1.06838
84 85 0.102089
85 86 1.37107
86 87 0.689991
87 88 0.734084
88 89 0.192695
89 90 0.592933
90 91 0.640717
91 92 1.38404
92 93 1.68954
93 94 -0.405855
94 95 0.868901
95 64 0
96 97 -0.473292
97 98 1.33423
98 99 1.51489
99 100 0.238949
100 101 -0.800162
101 102 2.78379
102 103 0.259758
103 104 1.22936
104 105 -0.0029709
105 106 0.152626
106 107 1.52106
107 108 1.22174
108 109 0.344269
109 110 0.741382
110 111 0.604413
111 112 0.631307
112 113 0.209798
113 114 -0.0157513
114 115 0.992787
115 116 2.17077
116 117 0.663911
117 118 1.01121
118 119 0.615143
119 120 -0.259946
120 121 0.742568
121 122 1.07502
122 123 0.67992
123 124 0.0205551
124 125 1.17162
125 126 0.544729
126 127 2.57217
127 96 0
128 129 1.15583
129 130 0.543085
130 131 0.0292199
131 132 -0.0158603
132 133 1.0116
133 134 1.38077
134 135 2.08885
135 136 0.485065
136 137 0.500756
137 138 1.01635
138 139 0.841715
139 140 1.58308
140 141 1.4023
141 142 1.06436
142 143 0.744736
143 144 0.611793
144 145 1.30945
145 146 1.97812
146 147 1.23295
147 148 0.958525
148 149 0.957234
149 150 1.3405
150 151 0.0105755
151 152 0.13932
152 153 0.607661
153 154 1.38215
154 155 1.03591
155 156 1.19655
156 157 -0.0676851
157 158 1.49656
158 159 -0.18261
159 128 0
160 161 0.883771
161 162 0.279964
162 163 0.162243
163 164 1.17215
164 165 0.625894
165 166 0.50462
166 167 0.454315
167 168 1.14198
168 169 0.208655
169 170 0.321018
170 171 -0.667359
171 172 1.46563
172 173 1.20012
173 174 -0.731801
174 175 -0.0380857
175 176 0.391769
176 177 2.04039
177 178 -0.552422
178 179 -0.807225
179 180 1.72358
180 181 -0.270658
181 182 1.58612
182 183 0.777033
183 184 1.1252
184 185 0.105355
185 186 -0.314489
186 187 -0.112578
187 188 -0.990407
188 189 0.971002
189 190 0.984542
190 191 1.53699
191 160 0
192 193 1.0049
193 194 2.77743
194 195 0.547993
195 196 0.212008
196 197 -0.0456943
197 198 0.525963
198 199 -0.175193
199 200 1.6498
200 201 1.10101
201 202 0.647485
202 203 1.03026
203 204 0.882059
204 205 -0.295574
205 206 2.47566
206 207 -0.427824
207 208 0.78779
208 209 0.870893
209 210 0.711024
210 211 0.378026
211 212 -0.0051843
212 213 -0.207982
213 214 -0.0627815
214 215 1.2193
215 216 -0.744948
216 217 1.53067
217 218 -0.0371028
218 219 0.101627
219 220 0.659649
220 221 0.201106
221 222 -0.319201
222 223 1.55464
223 192 0
224 225 -0.650093
225 226 0.126298
226 227 0.746226
227 228 0.137497
228 229 0.0292804
229 230 1.00584
230 231 -0.0871683
231 232 0.0531711
232 233 0.15748
233 234 0.0939313
234 235 -0.13526
235 236 -0.166437
236 237 1.02331
237 238 -0.993566
238 239 0.0260116
239 240 0.178834
240 241 -0.250776
241 242 0.0186851
242 243 0.0687422
243 244 2.23346
244 245 0.640028
245 246 0.727125
246 247 0.244108
247 248 0.582488
248 249 -0.297265
249 250 0.253395
250 251 0.720204
251 252 0.719188
252 253 -0.210696
253 254 0.961963
254 255 2.3998
255 224 0
256 257 0.506743
257 258 0.469749
258 259 0.480513
259 260 0.970644
260 261 1.6175
261 262 1.05518
262 263 1.92229
263 264 0.634164
264 265 1.51752
265 266 1.36301
266 267 -0.326029
267 268 0.27587
268 269 0.940104
269 270 1.16823
270 271 0.867463
271 272 2.12208
272 273 1.36162
273 274 1.95785
274 275 0.645142
275 276 0.246083
276 277 0.880263
277 278 0.148396
278 279 1.2176
279 280 1.65369
280 281 1.81867
281 282 0.332576
282 283 1.26957
283 284 0.289611
284 285 1.4146
285 286 0.761542
286 287 0.0897495
287 256 0
288 289 0.966988
289 290 2.07284
290 291 -0.10062
291 292 1.43851
292 293 -0.0966512
293 294 1.87286
294 295 0.898976
295 296 -0.690236
296 297 0.0891416
297 298 1.12548
298 299 0.296684
299 300 0.146896
300 301 0.750678
301 302 0.698724
302 303 0.594466
303 304 1.24475
304 305 1.42195
305 306 0.524389
306 307 1.49827
307 308 0.720491
308 309 0.498719
309 310 0.547157
310 311 1.25807
311 312 0.354905
312 313 0.716826
313 314 0.385263
314 315 1.20289
315 316 1.07696
316 317 0.189558
317 318 0.0628768
318 319 0.161556
319 288 0
320 321 0.911514
321 322 0.177398
322 323 0.306605
323 324 0.280918
324 325 1.58704
325 326 0.444005
326 327 -0.353146
327 328 1.0771
328 329 -0.167602
329 330 0.781753
330 331 0.783717
331 332 0.444835
332 333 1.04183
333 334 -0.103242
334 335 1.03011
335 336 1.5209
336 337 0.31393
337 338 1.16578
338 339 1.13537
339 340 0.937115
340 341 2.61967
341 342 -0.896972
342 343 0.163181
343 344 0.325849
344 345 0.889974
345 346 1.30407
346 347 1.22098
347 348 -0.652489
348 349 0.891642
349 350 -0.67914
350 351 0.754715
351 320 0
352 353 1.16072
353 354 0.180069
354 355 1.87801
355 356 0.290764
356 357 0.477442
357 358 0.624543
358 359 2.03427
359 360 1.3421
360 361 0.446681
361 362 0.565474
362 363 2.29307
363 364 0.175677
364 365 0.226954
365 366 1.44889
366 367 0.080049
367 368 1.39179
368 369 1.31684
369 370 -0.678836
370 371 0.284295
371 372 1.47675
372 373 1.51888
373 374 0.394635
374 375 0.666413
375 376 0.626691
376 377 2.31828
377 378 0.569483
378 379 1.14724
379 380 -0.410187
380 381 -0.0936168
381 382 0.345894
382 383 0.0496386
383 352 0
384 385 0.802174
385 386 0.21546
386 387 -0.0587876
387 388 -0.0473588
388 389 0.688678
389 390 0.546782
390 391 -0.880819
391 392 0.818443
392 393 1.37714
393 394 0.412432
394 395 -0.420518
395 396 0.386487
396 397 0.490832
397 398 -0.177106
398 399 1.23161
399 400 1.30714
400 401 0.363578
401 402 -0.124507
402 403 0.152845
403 404 0.0852242
404 405 -0.106783
405 406 0.594777
406 407 -0.145283
407 408 -0.844469
408 409 1.27702
409 410 -0.299642
410 411 -0.171485
411 412 0.414866
412 413 0.769612
413 414 1.4551
414 415 0.706661
415 384 0
416 417 0.0793219
417 418 1.38264
418 419 -0.242401
419 420 0.71471
420 421 0.429439
421 422 0.678276
422 423 1.3419
423 424 0.406087
424 425 0.661855
425 426 0.0569991
426 427 1.13861
427 428 -0.076802
428 429 0.402602
429 430 0.287229
430 431 0.733879
431 432 0.581582
432 433 1.56434
433 434 1.50095
434 435 0.822553
435 436 1.20757
436 437 1.15178
437 438 -0.0960074
438 439 1.10959
439 440 0.641021
440 441 0.196823
441 442 1.29844
442 443 0.532663
443 444 0.588198
444 445 1.02985
445 446 -0.843699
446 447 1.852
447 416 0
448 449 0.972535
449 450 2.07017
450 451 0.948506
451 452 1.10943
452 453 1.85784
453 454 0.261255
454 455 0.887539
455 456 1.31512
456 457 0.659595
457 458 0.581733
458 459 1.11619
459 460 -0.270861
460 461 0.907585
461 462 0.407146
462 463 1.21143
463 464 0.549565
464 465 0.116307
465 466 0.501126
466 467 1.40788
467 468 0.946361
468 469 -0.212118
469 470 1.61115
470 471 1.76362
471 472 -0.121818
472 473 0.335458
473 474 0.605264
474 475 1.8335
475 476 1.3794
476 477 0.737726
477 478 1.87858
478 479 1.81963
479 448 0
480 481 -0.146628
481 482 0.461164
482 483 -0.230431
483 484 -1.17839
484 485 -0.0686584
485 486 -0.335257
486 487 0.649485
487 488 0.33168
488 489 1.27966
489 490 1.12582
490 491 1.49194
491 492 1.12251
492 493 1.21747
493 494 -0.472658
494 495 0.704294
495 496 1.67183
496 497 -0.12724
497 498 1.50516
498 499 0.288872
499 500 0.95588
500 501 0.278863
501 502 0.907193
502 503 0.900307
503 504 1.23014
504 505 1.5603
505 506 -0.045312
506 507 0.712462
507 508 -0.0764352
508 509 1.23503
509 510 1.69375
510 511 0.854282
511 480 0
512 513 2.2223
513 514 1.36085
514 515 0.244716
515 516 3.09082
516 517 0.792802
517 518 0.678091
518 519 0.494636
519 520 2.73802
520 521 0.140696
521 522 -0.375122
522 523 1.16945
523 524 0.399984
524 525 1.48812
525 526 0.340604
526 527 1.09966
527 528 0.730336
528 529 -0.186845
529 530 3.15443
530 531 -0.505542
531 532 -0.114551
532 533 -0.277488
533 534 2.06612
534 535 2.19849
535 536 0.657205
536 537 0.964089
537 538 1.01184
538 539 0.395991
539 540 2.04978
540 541 2.3448
541 542 1.20686
542 543 2.1999
543 512 0
544 545 1.41427
545 546 -0.193733
546 547 1.45721
547 548 1.58075
548 549 1.90919
549 550 0.92545
550 551 1.01304
551 552 1.70224
552 553 0.904425
553 554 0.532709
554 555 0.338797
555 556 1.27267
556 557 1.52073
557 558 0.919056
558 559 1.80602
559 560 -0.0045886
560 561 0.740568
561 562 0.38949
562 563 0.962977
563 564 0.383164
564 565 0.138348
565 566 0.852562
566 567 0.807382
567 568 0.632378
568 569 1.21693
569 570 1.99925
570 571 0.482061
571 572 -0.152866
572 573 2.62076
573 574 0.46578
574 575 2.08696
575 544 0
576 577 0.607199
577 578 -0.044642
578 579 0.919839
579 580 1.22647
580 581 0.0990272
581 582 0.654025
582 583 1.01682
583 584 -0.373957
584 585 0.640553
585 586 0.954719
586 587 1.23361
587 588 0.86058
588 589 0.952482
589 590 1.44263
590 591 0.954172
591 592 2.24206
592 593 1.60842
593 594 0.596436
594 595 0.874539
595 596 0.124823
596 597 0.849329
597 598 0.833541
598 599 0.789604
599 600 -0.283479
600 601 1.05505
601 602 1.43421
602 603 0.110512
603 604 1.0635
604 605 0.175889
605 606 2.05966
606 607 -1.02109
607 576 0
608 609 -0.424995
609 610 1.35433
610 611 -0.196086
611 612 0.256865
612 613 -0.0176169
613 614 0.0909355
614 615 1.47329
615 616 0.0541549
616 617 0.414694
617 618 0.126637
618 619 -0.0217134
619 620 0.212838
620 621 1.34076
621 622 1.16743
622 623 0.628325
623 624 0.386778
624 625 0.831624
625 626 0.336903
626 627 -0.178868
627 628 1.50181
628 629 0.163099
629 630 0.072566
630 631 -0.634258
631 632 -0.0449151
632 633 -0.310884
633 634 1.18073
634 635 2.74036
635 636 1.2623
636 637 -0.0452619
637 638 0.454236
638 639 1.3729
639 608 0
640 641 0.822696
641 642 0.947953
642 643 0.28466
643 644 1.3295
644 645 2.61079
645 646 0.104441
646 647 -0.616968
647 648 0.701725
648 649 0.853341
649 650 1.18863
650 651 2.32676
651 652 -0.0431029
652 653 -0.537361
653 654 -0.130627
654 655 0.0862719
655 656 0.581995
656 657 -0.530513
657 658 0.218859
658 659 -0.0708509
659 660 0.259504
660 661 0.699348
661 662 -0.0644317
662 663 0.719339
663 664 -0.0700542
664 665 -0.214281
665 666 -0.230042
666 667 -0.759234
667 668 2.20167
668 669 2.37244
669 670 1.71794
670 671 0.807417
671 640 0
672 673 0.0445445
673 674 -0.58328
674 675 2.30102
675 676 0.314922
676 677 1.16304
677 678 0.811914
678 679 0.295072
679 680 1.54467
680 681 -1.00008
681 682 0.512738
682 683 -0.478335
683 684 0.473085
684 685 1.8371
685 686 0.101532
686 687 0.183432
687 688 -0.235209
688 689 0.970433
689 690 -0.47015
690 691 1.67748
691 692 1.2433
692 693 0.903201
693 694 0.298103
694 695 -0.280799
695 696 0.752452
696 697 -0.374485
697 698 -0.0601059
698 699 0.269612
699 700 0.199376
700 701 0.334491
701 702 -0.503027
702 703 0.719106
703 672 0
704 705 0.688183
705 706 0.358913
706 707 0.819711
707 708 0.0294952
708 709 0.7171
709 710 0.47591
710 711 -0.0372142
711 712 0.147311
712 713 0.806392
713 714 0.36313
714 715 1.235
715 716 -0.270699
716 717 1.21347
717 718 0.567974
718 719 1.27152
719 720 1.11555
720 721 -1.0727
721 722 0.411311
722 723 0.481041
723 724 0.411654
724 725 0.400133
725 726 2.08809
726 727 1.10274
727 728 0.749887
728 729 0.865265
729 730 1.02878
730 731 0.919313
731 732 2.02776
732 733 2.18028
733 734 0.210286
734 735 0.259371
735 704 0
736 737 0.188502
737 738 0.318662
738 739 1.57864
739 740 1.03795
740 741 0.408486
741 742 0.551995
742 743 0.695205
743 744 1.85856
744 745 0.773728
745 746 1.72518
746 747 -0.0593533
747 748 -0.70961
748 749 -0.407318
749 750 0.440731
750 751 -0.884904
751 752 0.621492
752 753 2.72287
753 754 -0.429518
754 755 1.70317
755 756 -0.183994
756 757 0.412585
757 758 0.569619
758 759 -0.0037351
759 760 1.45066
760 761 -0.199505
761 762 0.54088
762 763 -0.107162
763 764 0.149838
764 765 0.0666516
765 766 1.48133
766 767 0.8655
767 736 0
768 769 0.115689
769 770 0.189298
770 771 -0.235379
771 772 0.158469
772 773 0.229458
773 774 1.42293
774 775 1.10046
775 776 0.587869
776 777 -0.0540918
777 778 0.0494246
778 779 -0.118411
779 780 0.999435
780 781 1.18655
781 782 0.525679
782 783 0.498856
783 784 0.366034
784 785 0.746837
785 786 -0.143162
786 787 1.14028
787 788 0.512051
788 789 1.08599
789 790 0.30021
790 791 0.396431
791 792 -0.753391
792 793 0.112127
793 794 0.259921
794 795 0.0931338
795 796 0.868948
796 797 0.522582
797 798 -0.416126
798 799 -0.195597
799 768 0
800 801 0.496292
801 802 1.58824
802 803 -0.455747
803 804 1.83621
804 805 1.33974
805 806 0.674293
806 807 0.571882
807 808 0.262135
808 809 0.222271
809 810 1.80348
810 811 3.01804
811 812 0.450438
812 813 1.22801
813 814 1.17402
814 815 0.129864
815 816 0.433438
816 817 0.614392
817 818 0.312417
818 819 0.838477
819 820 -0.572343
820 821 -0.273328
821 822 1.6873
822 823 1.01763
823 824 0.200857
824 825 -0.267857
825 826 0.399139
826 827 0.372758
827 828 1.18605
828 829 -1.57066
829 830 1.21505
830 831 0.875762
831 800 0
832 833 -0.724547
833 834 3.02557
834 835 1.64756
835 836 1.25204
836 837 0.576354
837 838 0.172786
838 839 -0.132327
839 840 1.03845
840 841 0.0838602
841 842 1.77274
842 843 -0.289585
843 844 0.506927
844 845 0.300758
845 846 0.885268
846 847 1.39507
847 848 0.219158
848 849 -0.435971
849 850 0.734606
850 851 -0.578279
851 852 0.646933
852 853 1.22449
853 854 0.725744
854 855 0.767934
855 856 -0.0828963
856 857 0.631636
857 858 0.0086769
858 859 0.709731
859 860 -0.0552757
860 861 2.3501
861 862 1.20047
862 863 0.35338
863 832 0
864 865 0.315706
865 866 0.523963
866 867 0.681627
867 868 0.406362
868 869 0.559173
869 870 0.675255
870 871 0.473639
871 872 0.298542
872 873 0.247079
873 874 1.57602
874 875 1.00338
875 876 0.0476997
876 877 0.027332
877 878 0.94982
878 879 0.448483
879 880 -0.0752674
880 881 0.842865
881 882 1.84293
882 883 0.833505
883 884 0.59921
884 885 0.07461
885 886 0.264007
886 887 1.32838
887 888 1.2025
888 889 0.0856608
889 890 -0.0823034
890 891 -0.202028
891 892 0.0085407
892 893 0.705798
893 894 0.337433
894 895 -0.326439
895 864 0
896 897 0.193675
897 898 1.04755
898 899 1.20607
899 900 1.10033
900 901 2.11206
901 902 -1.07897
902 903 0.443518
903 904 1.04416
904 905 1.25292
905 906 0.677935
906 907 0.563528
907 908 0.518253
908 909 -0.0708879
909 910 -0.153068
910 911 2.00891
911 912 1.03349
912 913 1.97206
913 914 1.61971
914 915 0.457818
915 916 0.655286
916 917 0.218219
917 918 0.711163
918 919 1.11542
919 920 0.0124502
920 921 1.10473
921 922 -0.0607115
922 923 0.949124
923 924 1.28317
924 925 1.54478
925 926 -0.0273993
926 927 1.31488
927 896 0
928 929 0.721743
929 930 0.572012
930 931 -0.557782
931 932 0.780634
932 933 -0.790491
933 934 0.800378
934 935 0.186158
935 936 0.774399
936 937 -0.146858
937 938 1.87384
938 939 0.0887409
939 940 0.949278
940 941 -0.201667
941 942 0.189053
942 943 0.0857686
943 944 0.0424782
944 945 0.930144
945 946 1.01001
946 947 1.25094
947 948 1.64903
948 949 0.687836
949 950 0.100661
950 951 -0.318756
951 952 1.85997
952 953 0.24108
953 954 0.79077
954 955 0.150944
955 956 0.311202
956 957 1.44844
957 958 0.485939
958 959 1.74153
959 928 0
960 961 0.958409
961 962 0.179084
962 963 1.02262
963 964 0.871678
964 965 1.60645
965 966 -0.0088312
966 967 0.877777
967 968 0.657583
968 969 -0.0471956
969 970 1.1416
970 971 2.23233
971 972 0.246652
972 973 1.54595
973 974 0.766649
974 975 -1.61593
975 976 0.418936
976 977 0.490877
977 978 1.73784
978 979 0.784138
979 980 1.16036
980 981 0.589652
981 982 1.0181
982 983 1.13336
983 984 -0.674981
984 985 1.08675
985 986 -0.717065
986 987 1.18923
987 988 0.795363
988 989 0.530084
989 990 0.962569
990 991 0.255665
991 960 0
992 993 0.0794028
993 994 0.420975
994 995 1.35195
995 996 1.79344
996 997 1.20489
997 998 0.459881
998 999 0.294507
999 1000 -0.0821926
1000 1001 0.544149
1001 1002 1.98372
1002 1003 1.23422
1003 1004 0.39692
1004 1005 -0.0145517
1005 1006 2.97633
1006 1007 0.510117
1007 1008 0.391257
1008 1009 1.0334
1009 1010 0.480792
1010 1011 0.943104
1011 1012 2.08999
1012 1013 0.363036
1013 1014 0.330824
1014 1015 -0.0737897
1015 1016 1.99384
1016 1017 -0.0521388
1017 1018 1.40592
1018 1019 0.704377
1019 1020 0.642312
1020 1021 0.784434
1021 1022 1.37539
1022 1023 0.440277
1023 992 0
0 32 0.422966
1 33 0.683306
2 34 -0.473745
3 35 0.896084
4 36 0.808043
5 37 -0.390538
6 38 -0.359918
7 39 1.35467
8 40 0.534839
9 41 0.0932103
10 42 1.36519
11 43 0.44569
12 44 -0.708086
13 45 2.13754
14 46 1.3638
15 47 -0.611253
16 48 0.647262
17 49 1.23125
18 50 -0.622008
19 51 2.07822
20 52 -0.0634287
21 53 -0.0005597
22 54 0.71691
23 55 0.516858
24 56 0.192825
25 57 3.58509
26 58 0.481844
27 59 1.69935
28 60 0.30348
29 61 1.25693
30 62 0.172983
31 63 0.374508
32 64 0.148849
33 65 2.45301
34 66 1.18343
35 67 0.0014394
36 68 2.32776
37 69 0.211164
38 70 0.954418
39 71 0.824955
40 72 1.36335
41 73 2.13095
42 74 1.10205
43 75 0.185456
44 76 1.01301
45 77 -0.367447
46 78 0.0447378
47 79 0.768466
48 80 0.134676
49 81 0.242781
50 82 0.262208
51 83 0.763001
52 84 -0.0833679
53 85 0.740723
54 86 1.6609
55 87 -0.687872
56 88 1.72777
57 89 0.462515
58 90 1.20211
59 91 0.245801
60 92 0.770813
61 93 0.122671
62 94 1.2945
63 95 0.495627
64 96 0.569339
65 97 1.43887
66 98 0.136806
67 99 -0.711305
68 100 1.46008
69 101 1.00097
70 102 1.28008
71 103 2.78202
72 104 1.04219
73 105 1.71402
74 106 0.960879
75 107 -1.71603
76 108 2.46811
77 109 1.85045
78 110 0.141198
79 111 -0.786243
80 112 0.959129
81 113 0.713168
82 114 -0.397458
83 115 -0.327469
84 116 1.51652
85 117 2.29412
86 118 0.965679
87 119 -0.424763
88 120 0.794248
89 121 1.48044
90 122 1.9993
91 123 1.25659
92 124 0.184109
93 125 0.877982
94 126 1.05524
95 127 2.78383
96 128 0.121741
97 129 1.02934
98 130 2.20879
99 131 0.38294
100 132 0.341686
101 133 1.48994
102 134 0.936082
103 135 1.69929
104 136 1.24987
105 137 -0.522996
106 138 0.40744
107 139 -0.52263
108 140 0.241143
109 141 0.718057
110 142 -0.370783
111 143 0.959419
112 144 0.942591
113 145 1.65511
114 146 1.52304
115 147 0.295672
116 148 0.086631
117 149 -1.35102
118 150 0.672074
119 151 0.596948
120 152 0.002483
121 153 0.341553
122 154 -0.0360352
123 155 0.473552
124 156 0.294096
125 157 -0.31382
126 158 1.29994
127 159 0.604101
128 160 0.659527
129 161 1.20671
130 162 0.48283
131 163 0.142123
132 164 0.979381
133 165 -0.110167
134 166 0.404928
135 167 1.58826
136 168 0.369828
137 169 -0.0906751
138 170 0.892073
139 171 1.29362
140 172 1.66323
141 173 0.635923
142 174 0.95654
143 175 0.742663
144 176 1.4849
145 177 0.413352
146 178 1.02763
147 179 0.116271
148 180 0.597015
149 181 0.0668052
150 182 0.295874
151 183 0.587333
152 184 0.998777
153 185 1.0273
154 186 0.29128
155 187 0.915965
156 188 0.951334
157 189 1.18434
158 190 0.187963
159 191 -0.131763
160 192 -0.418553
161 193 0.622173
162 194 -0.054472
163 195 0.170855
164 196 2.43996
165 197 0.680854
166 198 0.599546
167 199 1.40582
168 200 0.15906
169 201 1.22091
170 202 1.6359
171 203 0.333149
172 204 -0.251303
173 205 1.36619
174 206 0.273802
175 207 0.870029
176 208 0.396193
177 209 -0.117504
178 210 0.708195
179 211 1.90377
180 212 0.175044
181 213 1.18956
182 214 0.196724
183 215 -0.0984572
184 216 0.743185
185 217 0.706837
186 218 1.5288
187 219 0.577789
188 220 0.300226
189 221 1.93613
190 222 0.082441
191 223 0.187885
192 224 1.08895
193 225 1.5276
194 226 -0.239679
195 227 1.54636
196 228 0.0895347
197 229 -0.180059
198 230 0.637381
199 231 -0.387382
200 232 0.761105
201 233 1.96084
202 234 0.633867
203 235 1.77973
204 236 -0.031725
205 237 1.01208
206 238 1.39786
207 239 0.747419
208 240 0.233572
209 241 0.489987
210 242 0.993019
211 243 0.524193
212 244 1.00443
213 245 0.511414
214 246 0.496226
215 247 0.599575
216 248 1.65842
217 249 0.645088
218 250 1.07399
219 251 0.103502
220 252 0.661952
221 253 1.49539
222 254 1.20094
223 255 -0.0443346
224 256 0.249891
225 257 -0.342988
226 258 0.314259
227 259 1.49042
228 260 0.0020328
229 261 0.962986
230 262 2.15985
231 263 0.701414
232 264 1.07275
233 265 0.945516
234 266 -0.0418686
235 267 0.752521
236 268 -0.486997
237 269 1.25071
238 270 1.41567
239 271 -0.298825
240 272 0.782498
241 273 0.405988
242 274 2.3907
243 275 0.854419
244 276 -0.0532062
245 277 0.436635
246 278 0.677288
247 279 1.28965
248 280 0.550901
249 281 2.31674
250 282 0.246559
251 283 0.952991
252 284 -0.702977
253 285 0.0226897
254 286 0.443265
255 287 0.334561
256 288 0.492032
257 289 1.73425
258 290 0.875034
259 291 0.54835
260 292 1.83053
261 293 0.214739
262 294 0.555985
263 295 1.62725
264 296 0.369883
265 297 -0.413448
266 298 1.177
267 299 1.32728
268 300 -0.20134
269 301 0.460599
270 302 -0.0170889
271 303 1.83628
272 304 -0.443274
273 305 -0.903182
274 306 -1.0304
275 307 0.464102
276 308 1.27353
277 309 1.06155
278 310 1.22344
279 311 0.230793
280 312 -0.473057
281 313 1.04631
282 314 -0.473262
283 315 2.06427
284 316 0.626965
285 317 0.662137
286 318 1.87978
287 319 0.627108
288 320 0.314656
289 321 1.68914
290 322 1.11845
291 323 0.814473
292 324 0.640138
293 325 -0.310541
294 326 1.18183
295 327 0.0633296
296 328 0.601746
297 329 1.71296
298 330 0.224984
299 331 -0.575152
300 332 0.545855
301 333 0.154834
302 334 -0.232746
303 335 0.557426
304 336 1.10523
305 337 -0.0310938
306 338 0.288105
307 339 1.13539
308 340 1.67428
309 341 0.509282
310 342 0.686127
311 343 -0.306001
312 344 0.484401
313 345 2.54826
314 346 0.960993
315 347 0.967802
316 348 0.781474
317 349 0.764033
318 350 0.0650575
319 351 1.13631
320 352 0.984524
321 353 0.186351
322 354 -0.254199
323 355 -0.956858
324 356 1.57757
325 357 0.690944
326 358 0.017264
327 359 2.4818
328 360 0.777453
329 361 1.03226
330 362 0.612107
331 363 1.22077
332 364 0.0401951
333 365 2.47126
334 366 -0.32821
335 367 1.63208
336 368 1.28892
337 369 1.23668
338 370 0.98749
339 371 0.194007
340 372 0.509157
341 373 1.46742
342 374 0.220515
343 375 0.328641
344 376 0.404137
345 377 0.189197
346 378 1.39377
347 379 0.951403
348 380 -0.197909
349 381 2.77579
350 382 0.990999
351 383 1.08754
352 384 2.38207
353 385 0.0277463
354 386 2.03422
355 387 1.64615
356 388 0.375208
357 389 1.55203
358 390 0.392271
359 391 0.628235
360 392 1.12415
361 393 1.4186
362 394 1.12789
363 395 0.556287
364 396 -0.198764
365 397 0.389624
366 398 1.25476
367 399 -0.885419
368 400 1.87923
369 401 0.188726
370 402 0.370397
371 403 -0.115344
372 404 1.30648
373 405 1.78629
374 406 0.127094
375 407 1.36866
376 408 0.701703
377 409 1.63565
378 410 1.39351
379 411 1.95968
380 412 2.82949
381 413 -0.102176
382 414 0.506682
383 415 0.875935
384 416 0.122491
385 417 0.412465
386 418 1.35633
387 419 0.252201
388 420 -0.0010862
389 421 0.497089
390 422 0.0520905
391 423 0.0521731
392 424 1.93669
393 425 0.183061
394 426 0.960942
395 427 0.168166
396 428 0.976567
397 429 -0.102864
398 430 1.19237
399 431 0.213118
400 432 -0.904821
401 433 0.234381
402 434 2.03295
403 435 0.346926
404 436 0.357908
405 437 -0.0111362
406 438 0.0673548
407 439 0.243237
408 440 1.3031
409 441 -0.0723646
410 442 0.788015
411 443 1.47247
412 444 1.16977
413 445 1.20304
414 446 0.95155
415 447 -1.22014
416 448 0.132101
417 449 0.593617
418 450 0.42864
419 451 -0.364842
420 452 0.682753
421 453 -0.414712
422 454 -0.0139502
423 455 0.715496
424 456 0.665539
425 457 0.963182
426 458 0.086244
427 459 0.407498
428 460 0.746764
429 461 0.698568
430 462 0.860532
431 463 -0.637336
432 464 1.02954
433 465 0.786471
434 466 -0.776383
435 467 0.320986
436 468 0.0892291
437 469 1.03179
438 470 0.633621
439 471 -0.0060604
440 472 0.939209
441 473 0.862233
442 474 1.32926
443 475 0.172743
444 476 -0.449724
445 477 1.29795
446 478 1.10513
447 479 2.93985
448 480 0.9532
449 481 0.206505
450 482 1.13271
451 483 0.445227
452 484 1.25842
453 485 1.2732
454 486 0.636421
455 487 0.958668
456 488 1.84175
457 489 0.880998
458 490 -0.120325
459 491 1.37353
460 492 0.913013
461 493 -0.226316
462 494 1.94527
463 495 0.165375
464 496 -0.148927
465 497 1.18535
466 498 1.1534
467 499 -0.101341
468 500 1.07456
469 501 0.438261
470 502 -0.83077
471 503 0.635667
472 504 0.462531
473 505 1.17114
474 506 1.91218
475 507 -0.228184
476 508 2.63375
477 509 1.10037
478 510 0.179896
479 511 0.154026
480 512 0.178042
481 513 0.735639
482 514 0.160438
483 515 1.7851
484 516 1.0469
485 517 0.679729
486 518 -0.102808
487 519 0.63521
488 520 -0.0636226
489 521 0.492722
490 522 1.1582
491 523 0.764355
492 524 1.33615
493 525 1.52383
494 526 0.596545
495 527 -0.229912
496 528 2.10583
497 529 0.264255
498 530 1.79689
499 531 0.747384
500 532 0.970567
501 533 0.132304
502 534 -0.263583
503 535 -0.523403
504 536 2.01724
505 537 0.744267
506 538 -0.336348
507 539 1.18513
508 540 0.158479
509 541 1.27569
510 542 0.272462
511 543 -0.712424
512 544 -0.174288
513 545 -0.0520458
514 546 1.04968
515 547 0.319849
516 548 0.494242
517 549 -0.0157747
518 550 -0.512985
519 551 0.0188529
520 552 0.366782
521 553 0.408448
522 554 -0.380128
523 555 0.483003
524 556 -1.10871
525 557 1.54515
526 558 -0.488049
527 559 0.48494
528 560 0.87091
529 561 0.613836
530 562 -0.52158
531 563 1.64928
532 564 0.684284
533 565 0.383056
534 566 -0.0544425
535 567 1.93844
536 568 -0.147229
537 569 1.62295
538 570 -1.04608
539 571 0.212229
540 572 -0.507493
541 573 2.03656
542 574 -0.0270453
543 575 -0.626428
544 576 0.334296
545 577 0.49458
546 578 1.01608
547 579 -0.358976
548 580 1.14043
549 581 0.158561
550 582 1.02726
551 583 0.516335
552 584 -0.173515
553 585 1.85386
554 586 1.33437
555 587 -0.448202
556 588 2.00957
557 589 0.639295
558 590 -0.453966
559 591 0.1372
560 592 0.642865
561 593 2.01539
562 594 -0.188757
563 595 0.158344
564 596 0.761534
565 597 0.525873
566 598 0.204311
567 599 1.90498
568 600 -0.0787834
569 601 -0.533157
570 602 1.3866
571 603 0.504414
572 604 0.551082
573 605 1.77789
574 606 0.455159
575 607 0.465475
576 608 1.65021
577 609 0.320027
578 610 0.389287
579 611 0.249695
580 612 1.00776
581 613 -0.112808
582 614 0.154799
583 615 1.52206
584 616 1.40048
585 617 -0.162403
586 618 1.8781
587 619 0.769773
588 620 -0.33978
589 621 -0.157855
590 622 0.877915
591 623 -1.31998
592 624 0.288747
593 625 -0.041416
594 626 0.207158
595 627 1.40326
596 628 0.688341
597 629 0.278627
598 630 0.414711
599 631 0.789027
600 632 1.38262
601 633 0.240526
602 634 1.03528
603 635 1.0316
604 636 -0.0599714
605 637 -0.542022
606 638 0.245853
607 639 1.14832
608 640 0.753199
609 641 -0.0754395
610 642 0.415201
611 643 0.86817
612 644 1.31402
613 645 0.651028
614 646 0.929032
615 647 1.02953
616 648 -0.3387
617 649 0.511635
618 650 0.304832
619 651 -0.366634
620 652 0.479506
621 653 0.0141792
622 654 0.586695
623 655 1.29053
624 656 0.887467
625 657 0.0257963
626 658 1.0363
627 659 1.30415
628 660 0.908099
629 661 0.461735
630 662 1.36619
631 663 0.893213
632 664 2.82623
633 665 0.857686
634 666 1.11673
635 667 0.113302
636 668 2.45603
637 669 1.28128
638 670 0.791307
639 671 1.4471
640 672 1.07938
641 673 1.44936
642 674 0.446949
643 675 -0.191442
644 676 0.691414
645 677 -0.432407
646 678 -0.0057536
647 679 -0.259599
648 680 1.74747
649 681 -0.678084
650 682 0.704202
651 683 0.777944
652 684 1.17926
653 685 1.06234
654 686 0.329007
655 687 1.15761
656 688 1.12934
657 689 0.5322
658 690 1.48954
659 691 -0.704992
660 692 0.889319
661 693 0.413802
662 694 0.60882
663 695 0.729609
664 696 1.22717
665 697 0.679896
666 698 1.11022
667 699 1.47317
668 700 0.324115
669 701 0.0639425
670 702 0.0735978
671 703 0.466482
672 704 0.675044
673 705 1.27372
674 706 -0.299441
675 707 0.602717
676 708 0.454873
677 709 -0.141218
678 710 0.065632
679 711 1.50373
680 712 0.424419
681 713 1.53636
682 714 0.250319
683 715 3.17452
684 716 1.47954
685 717 1.54014
686 718 0.304585
687 719 1.30573
688 720 0.488897
689 721 1.71746
690 722 1.22802
691 723 -0.062833
692 724 1.90314
693 725 -0.0014405
694 726 1.49873
695 727 1.85074
696 728 0.157491
697 729 0.0993649
698 730 0.966962
699 731 -0.218464
700 732 0.967576
701 733 0.459068
702 734 0.0938824
703 735 1.50178
704 736 1.62637
705 737 0.980616
706 738 -0.159955
707 739 0.834142
708 740 1.37257
709 741 0.882856
710 742 0.822525
711 743 1.02606
712 744 -0.226981
713 745 1.42182
714 746 0.690346
715 747 0.496219
716 748 -0.177028
717 749 0.902798
718 750 0.882707
719 751 0.405651
720 752 1.04355
721 753 1.01536
722 754 -0.11462
723 755 0.750497
724 756 -0.052809
725 757 0.640259
726 758 0.710468
727 759 1.17047
728 760 -0.759335
729 761 1.65998
730 762 0.452141
731 763 1.50477
732 764 1.55881
733 765 0.308516
734 766 1.1127
735 767 0.722509
736 768 0.0726274
737 769 0.450834
738 770 0.823001
739 771 3.03459
740 772 -0.159377
741 773 -1.614
742 774 0.887434
743 775 0.802641
744 776 0.373877
745 777 1.19432
746 778 0.849188
747 779 0.948003
748 780 2.40532
749 781 1.02602
750 782 -0.24509
751 783 1.67575
752 784 -0.0445415
753 785 0.454729
754 786 2.13689
755 787 1.12347
756 788 0.426876
757 789 1.366
758 790 0.594653
759 791 0.447674
760 792 1.24406
761 793 0.317621
762 794 -0.199239
763 795 1.05661
764 796 2.06509
765 797 1.11298
766 798 2.27812
767 799 1.20838
768 800 1.60045
769 801 1.56144
770 802 0.152818
771 803 2.04804
772 804 0.483742
773 805 0.804469
774 806 0.758945
775 807 0.787574
776 808 0.49384
777 809 1.93112
778 810 0.0722562
779 811 0.637109
780 812 -0.766659
781 813 1.55407
782 814 0.407573
783 815 1.0732
784 816 -0.245545
785 817 0.937946
786 818 0.652231
787 819 0.794479
788 820 1.91805
789 821 0.926434
790 822 0.663737
791 823 0.504708
792 824 1.59332
793 825 -0.190025
794 826 1.52077
795 827 0.128204
796 828 1.26614
797 829 0.46768
798 830 1.96194
799 831 -0.558523
800 832 0.654428
801 833 1.43507
802 834 -0.895791
803 835 -0.288071
804 836 1.40449
805 837 0.479339
806 838 1.81064
807 839 -0.469827
808 840 1.65052
809 841 -0.0229039
810 842 -0.0232506
811 843 0.476608
812 844 0.807049
813 845 -0.241609
814 846 0.115961
815 847 2.64566
816 848 0.892219
817 849 0.689234
818 850 0.919197
819 851 0.184933
820 852 0.196092
821 853 0.455191
822 854 0.184863
823 855 1.43651
824 856 3.6636
825 857 1.2011
826 858 1.28967
827 859 -0.2348
828 860 0.695254
829 861 2.70881
830 862 0.520088
831 863 -0.143124
832 864 1.71498
833 865 0.128022
834 866 0.266164
835 867 1.98515
836 868 0.900924
837 869 -0.155677
838 870 0.421933
839 871 1.01051
840 872 2.54488
841 873 -0.179614
842 874 0.701023
843 875 0.0127083
844 876 1.03063
845 877 2.16208
846 878 0.36908
847 879 0.141397
848 880 0.26064
849 881 0.390638
850 882 1.65599
851 883 0.174195
852 884 1.66828
853 885 0.118378
854 886 0.526528
855 887 0.0547346
856 888 0.55469
857 889 2.5614
858 890 0.490919
859 891 0.83251
860 892 1.72403
861 893 1.84584
862 894 0.209226
863 895 1.17924
864 896 0.438201
865 897 0.729114
866 898 2.36271
867 899 1.55392
868 900 0.887753
869 901 1.39693
870 902 0.127453
871 903 0.315693
872 904 -0.306856
873 905 1.59815
874 906 0.599815
875 907 0.382598
876 908 0.632281
877 909 0.651236
878 910 -0.574286
879 911 0.844344
880 912 1.10211
881 913 -0.0852554
882 914 -0.0445148
883 915 -0.247571
884 916 0.342375
885 917 0.692079
886 918 0.0020319
887 919 0.762606
888 920 0.329577
889 921 0.84036
890 922 0.426982
891 923 1.14492
892 924 1.67594
893 925 -0.678205
894 926 -0.0232421
895 927 0.407961
896 928 1.12399
897 929 0.25764
898 930 -0.757736
899 931 0.650692
900 932 -0.109032
901 933 1.2741
902 934 1.75388
903 935 1.22695
904 936 0.385846
905 937 0.191011
906 938 0.160411
907 939 1.23236
908 940 -0.110444
909 941 1.01664
910 942 0.80053
911 943 2.57491
912 944 0.585099
913 945 -0.0410381
914 946 0.0733239
915 947 1.08576
916 948 1.64821
917 949 1.57459
918 950 0.226002
919 951 1.31269
920 952 0.769663
921 953 1.29686
922 954 1.34398
923 955 0.985958
924 956 -0.721106
925 957 0.747666
926 958 1.75332
927 959 0.093142
928 960 1.09075
929 961 0.167393
930 962 0.90549
931 963 0.460251
932 964 0.76167
933 965 0.227015
934 966 0.472244
935 967 0.281911
936 968 -0.638962
937 969 -1.09323
938 970 0.927083
939 971 1.09801
940 972 0.327964
941 973 0.969271
942 974 1.03633
943 975 1.25252
944 976 2.10918
945 977 -0.192555
946 978 -0.891802
947 979 0.546917
948 980 0.295501
949 981 1.68086
950 982 1.00695
951 983 0.070786
952 984 0.935508
953 985 1.12752
954 986 0.580377
955 987 0.843463
956 988 1.04053
957 989 -0.840718
958 990 0.684365
959 991 0.584954
960 992 0.610631
961 993 0.603536
962 994 1.36201
963 995 0.838108
964 996 -1.74432
965 997 1.08369
966 998 0.935272
967 999 0.711013
968 1000 0.813549
969 1001 1.29738
970 1002 0.684413
971 1003 0.818099
972 1004 0.789686
973 1005 -0.0283602
974 1006 0.503682
975 1007 1.36382
976 1008 0.750613
977 1009 1.67355
978 1010 -0.548211
979 1011 2.22904
980 1012 -0.172746
981 1013 0.664447
982 1014 2.04317
983 1015 0.840028
984 1016 1.14331
985 1017 1.09522
986 1018 -0.313749
987 1019 1.99822
988 1020 1.83934
989 1021 0.556449
990 1022 0.199283
991 1023 1.09331
992 0 0
993 1 0
994 2 0
995 3 0
996 4 0
997 5 0
998 6 0
999 7 0
1000 8 0
1001 9 0
1002 10 0
1003 11 0
1004 12 0
1005 13 0
1006 14 0
1007 15 0
1008 16 0
1009 17 0
1010 18 0
1011 19 0
1012 20 0
1013 21 0
1014 22 0
1015 23 0
1016 24 0
1017 25 0
1018 26 0
1019 27 0
1020 28 0
1021 29 0
1022 30 0
1023 31 0
