1 2 -0.575867
2 3 1.38999
3 4 0.06474
4 5 1.50533
5 6 0.129133
6 7 1.30715
7 8 0.711993
8 9 1.08392
9 10 0.467252
10 11 0.768452
11 12 1.64077
12 13 0.881663
13 14 0.878261
14 15 0.407179
15 16 0.58001
16 17 0.432182
17 18 -0.0044522
18 19 0.636168
19 20 1.10822
20 21 2.28057
21 22 0.812707
22 23 0.204788
23 24 1.44758
24 25 -0.203321
25 26 1.05055
26 27 1.9584
27 28 0.980976
28 29 1.49298
29 30 1.10428
30 31 1.35341
31 32 0.581541
32 1 0
33 34 0.489725
34 35 0.537701
35 36 0.565149
36 37 0.149847
37 38 0.502538
38 39 -0.248277
39 40 0.970041
40 41 0.137131
41 42 -0.192076
42 43 0.962274
43 44 -0.536396
44 45 1.20352
45 46 0.47444
46 47 0.772236
47 48 0.193628
48 49 0.715212
49 50 0.418122
50 51 1.88903
51 52 -0.22597
52 53 0.414877
53 54 -0.567666
54 55 0.169093
55 56 0.916057
56 57 -0.279109
57 58 2.27941
58 59 0.250016
59 60 0.677167
60 61 0.814754
61 62 0.420941
62 63 0.477729
63 64 0.411942
64 33 0
65 66 1.00863
66 67 0.438089
67 68 0.192343
68 69 0.990255
69 70 0.804667
70 71 -0.0170686
71 72 1.54666
72 73 2.2331
73 74 1.3733
74 75 0.282737
75 76 0.174465
76 77 0.924177
77 78 0.353777
78 79 0.28135
79 80 0.245912
80 81 1.84918
81 82 0.884483
82 83 -0.906856
83 84 -0.43249
84 85 0.287048
85 86 1.10524
86 87 0.839005
87 88 2.47505
88 89 0.477852
89 90 1.10486
90 91 1.08244
91 92 1.6325
92 93 0.288218
93 94 -0.0571003
94 95 -0.143963
95 96 2.57816
96 65 0
97 98 0.656252
98 99 0.958931
99 100 1.11949
100 101 0.288922
101 102 0.762496
102 103 -0.42715
103 104 0.483317
104 105 1.69955
105 106 0.403061
106 107 -0.0051367
107 108 -0.399946
108 109 0.687501
109 110 0.68445
110 111 -0.50396
111 112 0.345384
112 113 1.00825
113 114 1.11832
114 115 0.574525
115 116 0.965221
116 117 1.57101
117 118 0.0010857
118 119 -0.41552
119 120 0.829216
120 121 -0.0137231
121 122 -0.008701
122 123 0.605154
123 124 0.182533
124 125 0.34305
125 126 0.757336
126 127 0.369058
127 128 1.44492
128 97 0
129 130 0.86712
130 131 1.11818
131 132 0.799884
132 133 0.389014
133 134 0.5255
134 135 2.34268
135 136 1.62751
136 137 1.42162
137 138 1.53289
138 139 -0.130427
139 140 0.118974
140 141 0.0669352
141 142 -0.136046
142 143 0.588106
143 144 -0.640321
144 145 1.5403
145 146 2.27379
146 147 0.0760167
147 148 0.0103298
148 149 0.565517
149 150 0.391878
150 151 0.509024
151 152 0.56141
152 153 1.11791
153 154 0.643218
154 155 0.535409
155 156 1.03229
156 157 1.46613
157 158 0.480574
158 159 0.873188
159 160 -0.759428
160 129 0
161 162 0.713524
162 163 -0.42689
163 164 -0.0079341
164 165 -1.05756
165 166 1.45933
166 167 2.03033
167 168 -0.397299
168 169 1.95765
169 170 -0.177032
170 171 1.3333
171 172 0.105809
172 173 0.976266
173 174 1.89132
174 175 0.0904296
175 176 1.28783
176 177 1.30729
177 178 1.20398
178 179 1.34146
179 180 0.769915
180 181 1.40265
181 182 1.69927
182 183 0.661015
183 184 0.736067
184 185 0.693203
185 186 -0.513833
186 187 0.475939
187 188 1.08897
188 189 -0.415847
189 190 0.047235
190 191 1.25383
191 192 0.81834
192 161 0
193 194 0.117739
194 195 1.72682
195 196 0.591993
196 197 1.47591
197 198 1.88159
198 199 -0.934477
199 200 1.01872
200 201 1.23822
201 202 1.27542
202 203 0.419769
203 204 -0.0621634
204 205 -0.541037
205 206 0.158749
206 207 -0.0010039
207 208 -0.258276
208 209 1.34942
209 210 2.76255
210 211 0.995912
211 212 1.41816
212 213 0.260481
213 214 0.114578
214 215 -0.322157
215 216 1.08127
216 217 0.350529
217 218 1.04443
218 219 -0.402461
219 220 0.454877
220 221 -0.0911454
221 222 0.958136
222 223 0.342739
223 224 -0.0444881
224 193 0
225 226 0.62977
226 227 0.416136
227 228 0.892942
228 229 -0.0257556
229 230 1.72586
230 231 0.978586
231 232 0.912596
232 233 1.58467
233 234 0.990414
234 235 -0.214248
235 236 1.07625
236 237 0.908644
237 238 0.0105576
238 239 1.66173
239 240 1.38991
240 241 0.38095
241 242 0.56667
242 243 -0.418272
243 244 1.07443
244 245 0.30554
245 246 1.13506
246 247 0.533699
247 248 0.58957
248 249 1.14375
249 250 1.11725
250 251 0.865197
251 252 0.592155
252 253 0.0877489
253 254 0.795282
254 255 0.365963
255 256 0.26779
256 225 0
257 258 0.209606
258 259 0.108397
259 260 0.443441
260 261 0.3142
261 262 0.645658
262 263 0.966845
263 264 0.343056
264 265 1.114
265 266 -0.586007
266 267 1.72077
267 268 -0.0202074
268 269 0.810587
269 270 0.188104
270 271 -0.15073
271 272 0.545959
272 273 -0.908968
273 274 0.485816
274 275 -0.402337
275 276 -0.359991
276 277 -0.218372
277 278 0.393001
278 279 1.06352
279 280 0.687512
280 281 1.70481
281 282 0.0387162
282 283 1.70322
283 284 3.05219
284 285 -0.405584
285 286 0.773649
286 287 0.564167
287 288 1.00353
288 257 0
289 290 1.79104
290 291 1.21795
291 292 1.0582
292 293 1.00924
293 294 1.65004
294 295 -0.176175
295 296 1.06416
296 297 -0.640228
297 298 0.688169
298 299 0.196082
299 300 -0.25397
300 301 0.933163
301 302 0.493934
302 303 0.223778
303 304 1.04657
304 305 1.9588
305 306 0.709297
306 307 0.113145
307 308 -1.0144
308 309 0.529654
309 310 1.02585
310 311 2.07134
311 312 -0.0387626
312 313 -0.135338
313 314 1.98343
314 315 0.89235
315 316 1.31296
316 317 0.0888005
317 318 -0.102915
318 319 0.0313244
319 320 0.573768
320 289 0
321 322 0.702707
322 323 1.30771
323 324 0.370905
324 325 -0.290344
325 326 1.3313
326 327 0.777723
327 328 -1.00748
328 329 0.386232
329 330 1.82856
330 331 0.124532
331 332 1.7138
332 333 0.677919
333 334 0.975154
334 335 0.160943
335 336 -0.102798
336 337 0.0796902
337 338 0.3762
338 339 0.689963
339 340 0.559499
340 341 1.51799
341 342 1.85357
342 343 0.769355
343 344 0.762328
344 345 1.1111
345 346 -0.671554
346 347 0.353632
347 348 0.373556
348 349 0.690959
349 350 0.0996422
350 351 1.79221
351 352 1.80373
352 321 0
353 354 -0.525214
354 355 1.89117
355 356 1.43439
356 357 1.78246
357 358 -0.0458191
358 359 0.501185
359 360 0.755689
360 361 0.377557
361 362 1.16011
362 363 0.443606
363 364 1.5771
364 365 1.18728
365 366 1.00437
366 367 0.18953
367 368 0.168042
368 369 0.81886
369 370 0.913385
370 371 0.833933
371 372 0.303499
372 373 0.40952
373 374 0.712576
374 375 0.192466
375 376 0.196359
376 377 0.743605
377 378 0.927143
378 379 0.424697
379 380 2.08931
380 381 -0.26201
381 382 -0.392257
382 383 1.01155
383 384 -0.333054
384 353 0
385 386 1.64574
386 387 -0.0156649
387 388 0.934866
388 389 0.948579
389 390 0.0158786
390 391 1.09054
391 392 -0.0864026
392 393 -0.62645
393 394 0.848356
394 395 -0.239055
395 396 -0.301764
396 397 1.7512
397 398 0.529419
398 399 0.624576
399 400 0.611583
400 401 0.496166
401 402 0.790338
402 403 1.29662
403 404 -0.348401
404 405 0.960823
405 406 0.503259
406 407 0.0605148
407 408 -0.119126
408 409 0.21966
409 410 0.95908
410 411 1.06677
411 412 0.0686121
412 413 1.2771
413 414 0.0826347
414 415 1.17266
415 416 1.02158
416 385 0
417 418 0.887031
418 419 2.63321
419 420 0.946975
420 421 0.991633
421 422 0.302103
422 423 -0.378544
423 424 0.802242
424 425 -0.283987
425 426 0.182638
426 427 0.761966
427 428 0.680924
428 429 1.96324
429 430 1.80753
430 431 0.422825
431 432 0.763297
432 433 0.58023
433 434 0.804586
434 435 2.23813
435 436 0.534664
436 437 0.572851
437 438 0.196349
438 439 1.4758
439 440 0.29321
440 441 1.06134
441 442 -0.321414
442 443 0.373482
443 444 -0.0933315
444 445 -0.123587
445 446 0.351823
446 447 0.558199
447 448 -0.521306
448 417 0
449 450 2.1352
450 451 0.650556
451 452 1.49994
452 453 -0.555717
453 454 -0.163157
454 455 -0.322905
455 456 1.28603
456 457 0.269753
457 458 0.982857
458 459 0.0823596
459 460 1.22409
460 461 -0.861976
461 462 0.553228
462 463 2.05692
463 464 0.853872
464 465 0.489251
465 466 0.157592
466 467 0.356422
467 468 0.0995397
468 469 1.12285
469 470 0.355229
470 471 0.566948
471 472 1.52896
472 473 0.589905
473 474 0.216895
474 475 1.16669
475 476 0.791671
476 477 1.13488
477 478 1.62723
478 479 0.419158
479 480 1.56721
480 449 0
481 482 -0.099382
482 483 0.318226
483 484 1.02946
484 485 2.27286
485 486 0.28282
486 487 0.722748
487 488 -0.186651
488 489 0.585008
489 490 -0.460175
490 491 0.520131
491 492 0.66363
492 493 0.786395
493 494 2.74873
494 495 1.18355
495 496 1.13709
496 497 0.371218
497 498 1.06629
498 499 -0.393279
499 500 -0.144987
500 501 -0.0136766
501 502 0.769851
502 503 0.740421
503 504 0.517301
504 505 1.43143
505 506 -0.0802737
506 507 1.09494
507 508 0.519428
508 509 1.58564
509 510 0.336904
510 511 -0.512019
511 512 1.42678
512 481 0
513 514 0.801261
514 515 0.453382
515 516 1.5489
516 517 2.04444
517 518 0.173649
518 519 -0.0762794
519 520 0.262194
520 521 0.360506
521 522 0.354916
522 523 1.20453
523 524 -0.427332
524 525 2.23526
525 526 1.802
526 527 0.285178
527 528 1.24557
528 529 1.22832
529 530 -0.771784
530 531 0.505972
531 532 0.895897
532 533 -0.461444
533 534 1.25985
534 535 -0.556432
535 536 1.78213
536 537 1.58737
537 538 0.263834
538 539 1.80788
539 540 3.0612
540 541 -0.63088
541 542 0.004304
542 543 1.56393
543 544 1.35538
544 513 0
545 546 0.783707
546 547 0.754215
547 548 0.589917
548 549 1.18676
549 550 0.847723
550 551 0.910976
551 552 1.2636
552 553 1.05111
553 554 0.560456
554 555 0.94583
555 556 0.122374
556 557 -0.378006
557 558 -0.246829
558 559 -0.770944
559 560 1.51731
560 561 0.694454
561 562 0.534781
562 563 0.944617
563 564 1.62316
564 565 2.47663
565 566 0.84958
566 567 -0.790138
567 568 0.121129
568 569 -0.46075
569 570 0.322782
570 571 1.40139
571 572 -0.271847
572 573 0.507361
573 574 0.363386
574 575 -0.0664358
575 576 0.648787
576 545 0
577 578 0.738899
578 579 1.42042
579 580 0.492367
580 581 1.36248
581 582 0.417424
582 583 -0.107995
583 584 2.48291
584 585 0.574186
585 586 0.0556378
586 587 1.37385
587 588 0.463096
588 589 1.82143
589 590 1.06554
590 591 -0.525662
591 592 1.3597
592 593 0.469714
593 594 -0.38006
594 595 0.726999
595 596 1.78906
596 597 1.78687
597 598 0.306397
598 599 0.375134
599 600 1.4626
600 601 1.79363
601 602 0.63115
602 603 1.64187
603 604 -0.600229
604 605 0.391483
605 606 -0.231716
606 607 1.00862
607 608 -0.169089
608 577 0
609 610 1.17227
610 611 2.06529
611 612 0.209729
612 613 1.98965
613 614 0.651251
614 615 0.332901
615 616 1.12926
616 617 0.743393
617 618 0.972214
618 619 -1.46399
619 620 1.2431
620 621 0.0311655
621 622 0.629773
622 623 -0.0025947
623 624 -0.459101
624 625 -0.252821
625 626 1.12013
626 627 -0.250632
627 628 -0.3818
628 629 0.594253
629 630 0.83301
630 631 -0.168608
631 632 1.17707
632 633 0.443348
633 634 0.22093
634 635 0.230478
635 636 1.05584
636 637 0.285657
637 638 0.402965
638 639 0.304618
639 640 1.2025
640 609 0
641 642 3.43816
642 643 -0.0293827
643 644 1.09491
644 645 0.904943
645 646 0.470043
646 647 2.5998
647 648 1.02186
648 649 -0.839088
649 650 1.02491
650 651 1.26034
651 652 0.381761
652 653 1.0459
653 654 1.62645
654 655 0.318641
655 656 1.02393
656 657 0.333888
657 658 0.610328
658 659 0.328699
659 660 1.99055
660 661 0.380768
661 662 0.301505
662 663 1.43461
663 664 1.13511
664 665 -0.312858
665 666 0.251614
666 667 0.62552
667 668 0.444024
668 669 -0.163958
669 670 0.590026
670 671 -0.250089
671 672 1.34611
672 641 0
673 674 2.34081
674 675 2.61332
675 676 2.19776
676 677 0.797138
677 678 0.514232
678 679 0.312386
679 680 -0.603374
680 681 1.64157
681 682 -0.620349
682 683 1.44596
683 684 1.30987
684 685 0.436867
685 686 0.543945
686 687 0.277886
687 688 1.42573
688 689 -0.736618
689 690 0.890278
690 691 1.40466
691 692 1.17588
692 693 0.494819
693 694 0.0187333
694 695 1.08499
695 696 0.205783
696 697 1.13404
697 698 -0.191767
698 699 1.2087
699 700 0.794278
700 701 1.37416
701 702 0.966283
702 703 0.481345
703 704 0.164643
704 673 0
705 706 1.56245
706 707 1.37485
707 708 -0.299042
708 709 1.09407
709 710 1.80551
710 711 0.385226
711 712 0.834668
712 713 1.12957
713 714 0.607418
714 715 -0.451924
715 716 1.01945
716 717 1.45448
717 718 0.600544
718 719 2.2668
719 720 0.689825
720 721 1.1111
721 722 -0.848789
722 723 0.584625
723 724 0.72106
724 725 0.558968
725 726 0.454683
726 727 -0.588926
727 728 0.915502
728 729 0.101936
729 730 1.70708
730 731 -0.881659
731 732 0.0108752
732 733 0.439301
733 734 0.824716
734 735 2.14757
735 736 0.0906214
736 705 0
737 738 1.35798
738 739 0.636104
739 740 0.456796
740 741 0.737603
741 742 2.03689
742 743 0.937304
743 744 0.235851
744 745 -0.10984
745 746 1.50038
746 747 0.998735
747 748 1.52281
748 749 0.733951
749 750 0.846809
750 751 -0.652139
751 752 0.966602
752 753 1.24903
753 754 0.491516
754 755 0.437275
755 756 0.633936
756 757 0.240209
757 758 1.08031
758 759 1.17655
759 760 0.858271
760 761 1.29429
761 762 2.03831
762 763 1.14788
763 764 0.665035
764 765 0.0156468
765 766 -0.595805
766 767 0.0604246
767 768 0.242246
768 737 0
769 770 0.239768
770 771 0.224144
771 772 -0.377003
772 773 1.56774
773 774 0.838031
774 775 0.615653
775 776 0.729891
776 777 -0.359501
777 778 0.302546
778 779 1.41422
779 780 1.05501
780 781 0.892106
781 782 0.60369
782 783 0.458789
783 784 0.984679
784 785 0.968111
785 786 0.0653172
786 787 -0.338036
787 788 -0.0172688
788 789 0.662652
789 790 1.69898
790 791 1.2376
791 792 0.761259
792 793 1.45209
793 794 -0.300405
794 795 -0.0195516
795 796 0.889706
796 797 0.968173
797 798 1.42104
798 799 1.94121
799 800 0.928279
800 769 0
801 802 0.76524
802 803 0.94542
803 804 1.24579
804 805 -0.221822
805 806 0.0696264
806 807 0.509886
807 808 1.30686
808 809 0.0476048
809 810 2.15072
810 811 1.29147
811 812 0.498173
812 813 0.468485
813 814 0.228405
814 815 1.70321
815 816 -0.383929
816 817 -0.0601139
817 818 0.643826
818 819 0.177859
819 820 0.952348
820 821 1.27831
821 822 0.032139
822 823 0.35945
823 824 -0.163163
824 825 -0.251564
825 826 -0.233602
826 827 0.11161
827 828 0.582766
828 829 0.399108
829 830 0.564326
830 831 1.43612
831 832 1.19738
832 801 0
833 834 0.694651
834 835 0.703526
835 836 1.26241
836 837 0.164744
837 838 1.03947
838 839 2.60156
839 840 0.436014
840 841 1.60761
841 842 -0.566525
842 843 0.723554
843 844 0.399306
844 845 0.256961
845 846 1.26946
846 847 -0.176187
847 848 -0.0044151
848 849 1.59243
849 850 0.787475
850 851 0.365852
851 852 -0.201172
852 853 1.18672
853 854 -0.899961
854 855 0.0332184
855 856 -0.10111
856 857 0.76996
857 858 -0.491885
858 859 0.0456805
859 860 -0.328244
860 861 2.25768
861 862 1.95829
862 863 -0.929407
863 864 1.40805
864 833 0
865 866 0.740749
866 867 0.662513
867 868 0.546935
868 869 1.11497
869 870 0.0314139
870 871 -0.623826
871 872 -0.740876
872 873 0.182983
873 874 0.275003
874 875 1.08916
875 876 1.29858
876 877 0.874749
877 878 0.597784
878 879 1.86578
879 880 1.13734
880 881 1.34677
881 882 1.16862
882 883 -0.30317
883 884 0.552575
884 885 1.56692
885 886 0.518873
886 887 -0.692084
887 888 0.916799
888 889 1.02397
889 890 -0.185896
890 891 0.915736
891 892 0.853066
892 893 1.85545
893 894 -0.681822
894 895 2.93345
895 896 0.579963
896 865 0
897 898 0.200352
898 899 0.849491
899 900 1.39893
900 901 0.360149
901 902 -0.234641
902 903 0.561381
903 904 1.10854
904 905 1.03664
905 906 -0.346997
906 907 0.144812
907 908 0.783622
908 909 1.99603
909 910 1.50361
910 911 0.201873
911 912 0.819327
912 913 1.00342
913 914 0.547149
914 915 0.189132
915 916 0.453284
916 917 1.36559
917 918 2.47745
918 919 0.629877
919 920 0.218541
920 921 0.802569
921 922 0.619083
922 923 -0.0658128
923 924 0.129485
924 925 1.69645
925 926 1.37649
926 927 0.552378
927 928 0.394548
928 897 0
929 930 0.729602
930 931 -0.0296476
931 932 0.296955
932 933 -0.0339876
933 934 1.36803
934 935 0.748522
935 936 0.352593
936 937 1.88673
937 938 2.00361
938 939 -0.235362
939 940 1.44163
940 941 -1.1847
941 942 0.119437
942 943 0.659142
943 944 0.287226
944 945 -0.212494
945 946 1.40835
946 947 -0.208407
947 948 0.700318
948 949 -0.0559483
949 950 0.0296879
950 951 0.343532
951 952 -0.0048675
952 953 1.84761
953 954 0.91438
954 955 0.605078
955 956 0.304978
956 957 -0.394025
957 958 2.02117
958 959 0.230865
959 960 0.651624
960 929 0
961 962 0.662933
962 963 0.846576
963 964 0.685104
964 965 0.759418
965 966 -0.384493
966 967 1.5949
967 968 1.69911
968 969 0.327494
969 970 1.50059
970 971 1.40207
971 972 2.16248
972 973 1.53265
973 974 1.0657
974 975 1.08788
975 976 1.65737
976 977 0.804306
977 978 0.996232
978 979 0.786115
979 980 1.16458
980 981 1.4834
981 982 0.834967
982 983 2.29126
983 984 0.909557
984 985 0.401387
985 986 0.0917301
986 987 0.881351
987 988 2.01946
988 989 2.42307
989 990 1.38472
990 991 1.88033
991 992 0.728151
992 961 0
993 994 0.79589
994 995 1.53808
995 996 1.15691
996 997 0.0657963
997 998 1.85388
998 999 0.675415
999 1000 1.68081
1000 1001 1.14875
1001 1002 0.811229
1002 1003 1.36517
1003 1004 0.170636
1004 1005 1.33349
1005 1006 0.147022
1006 1007 2.51707
1007 1008 1.41274
1008 1009 0.109364
1009 1010 1.72648
1010 1011 0.0917211
1011 1012 0.808796
1012 1013 0.567903
1013 1014 0.937025
1014 1015 0.0245111
1015 1016 1.89631
1016 1017 0.56602
1017 1018 0.208472
1018 1019 1.66826
1019 1020 1.6717
1020 1021 2.36438
1021 1022 1.27556
1022 1023 0.289788
1023 1024 -0.247048
1024 993 0
1 33 1.17411
2 34 1.63921
3 35 1.48604
4 36 0.298877
5 37 0.495928
6 38 -0.408053
7 39 0.735594
8 40 0.339664
9 41 1.17474
10 42 0.912408
11 43 -0.0730355
12 44 0.841567
13 45 0.474558
14 46 -0.108074
15 47 1.48519
16 48 1.30788
17 49 0.253515
18 50 1.3369
19 51 1.09791
20 52 1.27391
21 53 0.718886
22 54 0.710306
23 55 -0.326216
24 56 2.56616
25 57 -0.469034
26 58 1.57353
27 59 -0.0596783
28 60 0.697509
29 61 -0.5119
30 62 2.06485
31 63 1.42349
32 64 0.281995
33 65 0.168696
34 66 0.166295
35 67 1.05756
36 68 0.115309
37 69 0.16253
38 70 1.06635
39 71 0.0141756
40 72 0.248159
41 73 1.11558
42 74 0.127114
43 75 0.250822
44 76 -0.106791
45 77 0.864451
46 78 -0.686924
47 79 0.263254
48 80 1.46683
49 81 2.5451
50 82 1.1405
51 83 1.14217
52 84 0.161247
53 85 1.04725
54 86 0.261477
55 87 -0.0050705
56 88 0.430165
57 89 0.452702
58 90 2.23851
59 91 1.11581
60 92 -0.472219
61 93 1.49695
62 94 0.598286
63 95 -0.42805
64 96 0.605858
65 97 1.98446
66 98 0.209531
67 99 -0.647228
68 100 -0.483223
69 101 0.507366
70 102 0.858283
71 103 0.956548
72 104 -0.563264
73 105 2.0854
74 106 -0.441681
75 107 0.279911
76 108 0.0934198
77 109 1.44237
78 110 0.264275
79 111 -0.151301
80 112 0.939068
81 113 1.10014
82 114 0.424351
83 115 0.23535
84 116 0.593172
85 117 1.27753
86 118 0.964326
87 119 1.02515
88 120 0.704417
89 121 0.876226
90 122 0.143642
91 123 -1.17731
92 124 0.950436
93 125 -0.796528
94 126 0.639496
95 127 1.71821
96 128 0.684885
97 129 1.56479
98 130 -0.674073
99 131 2.25363
100 132 0.0678198
101 133 1.12994
102 134 1.59239
103 135 1.40054
104 136 -0.312762
105 137 1.56495
106 138 1.01837
107 139 1.61944
108 140 0.221032
109 141 0.402254
110 142 -0.0350916
111 143 1.49127
112 144 0.0406718
113 145 -1.46869
114 146 0.271496
115 147 0.972838
116 148 1.35446
117 149 0.20692
118 150 0.313813
119 151 1.26435
120 152 1.60847
121 153 0.494441
122 154 1.50431
123 155 0.531604
124 156 0.913769
125 157 0.032159
126 158 0.502266
127 159 1.03391
128 160 0.875161
129 161 0.0473705
130 162 0.14191
131 163 0.0086309
132 164 0.303622
133 165 0.824671
134 166 0.450613
135 167 0.98182
136 168 0.326597
137 169 1.82521
138 170 -0.230897
139 171 1.35037
140 172 0.502158
141 173 2.0704
142 174 0.896702
143 175 1.68103
144 176 1.7058
145 177 1.32363
146 178 0.628776
147 179 0.458064
148 180 -0.147706
149 181 1.51352
150 182 -0.242565
151 183 0.778056
152 184 -0.202742
153 185 0.826982
154 186 1.98567
155 187 0.492585
156 188 0.310739
157 189 0.567432
158 190 0.0706508
159 191 0.372564
160 192 2.03393
161 193 0.423279
162 194 0.912757
163 195 2.18086
164 196 1.47722
165 197 0.694739
166 198 0.420314
167 199 0.197385
168 200 0.966421
169 201 0.103676
170 202 0.671039
171 203 0.25506
172 204 1.37937
173 205 1.27674
174 206 0.621293
175 207 0.371316
176 208 0.24473
177 209 0.641672
178 210 -1.0752
179 211 0.689186
180 212 0.12437
181 213 1.36423
182 214 1.02832
183 215 0.896574
184 216 0.825075
185 217 1.49566
186 218 0.896576
187 219 0.638247
188 220 1.18124
189 221 0.683975
190 222 1.45652
191 223 1.23744
192 224 1.64066
193 225 0.496451
194 226 -0.511824
195 227 0.39328
196 228 -0.356021
197 229 0.156881
198 230 1.09953
199 231 1.66011
200 232 -0.577131
201 233 0.666275
202 234 0.025445
203 235 0.541005
204 236 1.68476
205 237 1.08478
206 238 0.0637688
207 239 2.50122
208 240 1.5321
209 241 -0.246537
210 242 1.4646
211 243 0.928193
212 244 0.542163
213 245 0.909406
214 246 2.57131
215 247 1.19146
216 248 -0.260005
217 249 1.61203
218 250 -0.597783
219 251 0.347524
220 252 0.183767
221 253 0.370348
222 254 0.157167
223 255 -0.428221
224 256 -0.161141
225 257 -0.178297
226 258 0.601193
227 259 -0.796754
228 260 0.490132
229 261 1.5047
230 262 0.0600823
231 263 0.110055
232 264 -0.337047
233 265 0.535148
234 266 1.03757
235 267 0.652987
236 268 0.203768
237 269 1.06966
238 270 -0.116019
239 271 -0.0809764
240 272 0.851417
241 273 1.16906
242 274 0.749429
243 275 0.544748
244 276 0.222309
245 277 -0.365898
246 278 0.311279
247 279 0.624098
248 280 0.469092
249 281 -0.393355
250 282 0.608951
251 283 -0.986413
252 284 1.40116
253 285 0.483077
254 286 0.213297
255 287 0.875628
256 288 0.442403
257 289 0.0043593
258 290 0.679097
259 291 1.18908
260 292 0.607611
261 293 0.885008
262 294 -0.778301
263 295 1.69955
264 296 0.537216
265 297 1.60212
266 298 0.834661
267 299 0.472139
268 300 1.05394
269 301 0.980249
270 302 1.26561
271 303 0.724372
272 304 0.579277
273 305 3.14782
274 306 0.62219
275 307 0.33184
276 308 0.365394
277 309 0.64443
278 310 1.46571
279 311 -0.208234
280 312 1.29686
281 313 0.857039
282 314 1.04856
283 315 0.71244
284 316 1.50067
285 317 1.31993
286 318 0.975123
287 319 -0.676018
288 320 1.0177
289 321 2.07488
290 322 -0.822813
291 323 2.58648
292 324 -0.23651
293 325 0.815813
294 326 -0.280862
295 327 0.922781
296 328 1.04628
297 329 0.981435
298 330 0.376282
299 331 -0.0245627
300 332 1.86634
301 333 0.271577
302 334 0.764895
303 335 0.622532
304 336 0.530257
305 337 -0.597194
306 338 0.866866
307 339 1.75742
308 340 1.04162
309 341 1.00629
310 342 -0.0387406
311 343 -0.298451
312 344 -0.125265
313 345 -0.549795
314 346 0.721475
315 347 1.47906
316 348 0.518635
317 349 1.46873
318 350 -0.416956
319 351 0.666192
320 352 1.2
321 353 0.251672
322 354 1.64974
323 355 0.778801
324 356 1.33362
325 357 0.940132
326 358 -0.835126
327 359 1.32731
328 360 -0.263713
329 361 1.41319
330 362 1.04411
331 363 -0.0142154
332 364 -0.549522
333 365 -0.86985
334 366 1.37897
335 367 1.2798
336 368 1.54001
337 369 0.823865
338 370 -0.248461
339 371 0.39482
340 372 1.79076
341 373 0.671443
342 374 0.336999
343 375 -0.340895
344 376 1.10317
345 377 0.880321
346 378 1.13875
347 379 0.704806
348 380 0.229232
349 381 0.531626
350 382 -0.788193
351 383 0.793829
352 384 1.05181
353 385 0.332074
354 386 0.221269
355 387 0.254495
356 388 1.54739
357 389 0.0713282
358 390 1.15972
359 391 0.0909909
360 392 1.61232
361 393 0.342226
362 394 -0.448938
363 395 0.273504
364 396 1.16186
365 397 1.96824
366 398 0.21503
367 399 0.699912
368 400 0.105104
369 401 0.423181
370 402 1.24839
371 403 0.265746
372 404 0.274815
373 405 1.30901
374 406 -0.178326
375 407 0.711123
376 408 0.818749
377 409 1.30069
378 410 0.749301
379 411 0.68409
380 412 0.370275
381 413 1.12237
382 414 0.591979
383 415 1.04938
384 416 1.49798
385 417 0.791765
386 418 0.777014
387 419 0.667157
388 420 0.223382
389 421 0.317644
390 422 1.56769
391 423 0.644051
392 424 0.571551
393 425 0.156885
394 426 0.964598
395 427 1.66665
396 428 -1.12337
397 429 0.958759
398 430 1.75944
399 431 0.338968
400 432 -1.19158
401 433 -0.0179222
402 434 0.960673
403 435 0.649739
404 436 0.722144
405 437 1.19854
406 438 0.738311
407 439 0.0325468
408 440 0.32662
409 441 -0.0892196
410 442 1.09884
411 443 0.119457
412 444 1.2146
413 445 -0.151371
414 446 0.713141
415 447 0.429921
416 448 -0.0449352
417 449 -0.755878
418 450 0.471794
419 451 0.93897
420 452 1.57849
421 453 0.344318
422 454 0.299366
423 455 0.0575381
424 456 0.363666
425 457 0.463171
426 458 1.41716
427 459 0.425636
428 460 1.11779
429 461 0.543436
430 462 0.429973
431 463 0.136994
432 464 1.5507
433 465 0.543116
434 466 -0.389311
435 467 1.82184
436 468 0.552733
437 469 -0.007005
438 470 1.97806
439 471 0.340479
440 472 1.57849
441 473 0.164736
442 474 0.494325
443 475 -0.0360355
444 476 0.473433
445 477 0.488791
446 478 1.91625
447 479 1.79422
448 480 2.2761
449 481 1.23329
450 482 0.92848
451 483 -0.147744
452 484 1.0008
453 485 1.12913
454 486 0.809806
455 487 1.37955
456 488 0.113231
457 489 1.03862
458 490 0.816329
459 491 1.05983
460 492 1.73267
461 493 1.80408
462 494 -0.385173
463 495 0.661714
464 496 -0.514789
465 497 1.1369
466 498 0.110135
467 499 1.19673
468 500 0.704435
469 501 1.59537
470 502 -0.155663
471 503 0.597697
472 504 0.115049
473 505 0.895537
474 506 1.03754
475 507 1.41457
476 508 -0.0209778
477 509 0.0373232
478 510 0.506651
479 511 0.3275
480 512 1.10211
481 513 0.0701368
482 514 1.45145
483 515 -0.430016
484 516 0.168909
485 517 0.331522
486 518 0.521474
487 519 0.512499
488 520 -0.133348
489 521 0.515469
490 522 0.260327
491 523 0.724349
492 524 2.01359
493 525 -0.619393
494 526 0.998222
495 527 1.20683
496 528 -0.188111
497 529 1.24486
498 530 1.09882
499 531 0.447462
500 532 0.307928
501 533 -0.347863
502 534 0.939207
503 535 -0.306352
504 536 -0.0876228
505 537 1.30804
506 538 0.256298
507 539 -0.249185
508 540 0.442128
509 541 0.321446
510 542 1.37648
511 543 0.434847
512 544 0.517884
513 545 -0.0413199
514 546 0.3965
515 547 -0.177797
516 548 0.380331
517 549 -0.0099505
518 550 1.42567
519 551 1.18225
520 552 3.16373
521 553 0.549658
522 554 1.21245
523 555 -0.542968
524 556 1.20201
525 557 0.658432
526 558 1.15967
527 559 0.791902
528 560 1.73852
529 561 0.0145021
530 562 0.646767
531 563 -0.369555
532 564 2.20319
533 565 1.88513
534 566 -0.140298
535 567 1.78055
536 568 1.16601
537 569 0.376425
538 570 0.829786
539 571 -0.398365
540 572 0.257935
541 573 0.683967
542 574 0.934904
543 575 -0.517187
544 576 1.01104
545 577 0.342811
546 578 -0.626113
547 579 1.51887
548 580 -1.49373
549 581 0.657062
550 582 0.339855
551 583 -0.319465
552 584 1.32877
553 585 0.966252
554 586 0.757727
555 587 0.132259
556 588 0.744729
557 589 0.980397
558 590 1.27261
559 591 0.728445
560 592 0.30514
561 593 0.522764
562 594 1.03409
563 595 -0.56581
564 596 0.126385
565 597 0.923668
566 598 0.443788
567 599 0.687078
568 600 1.36872
569 601 1.50429
570 602 -0.011245
571 603 0.990247
572 604 0.631705
573 605 2.08065
574 606 0.0924065
575 607 0.19559
576 608 0.477808
577 609 1.15259
578 610 1.4573
579 611 -0.230928
580 612 0.685027
581 613 0.31553
582 614 1.08799
583 615 0.0239617
584 616 0.351781
585 617 0.0944791
586 618 2.15578
587 619 1.40833
588 620 -0.534752
589 621 0.832477
590 622 0.0668281
591 623 0.482389
592 624 1.29668
593 625 0.812435
594 626 0.489726
595 627 0.0641599
596 628 0.183411
597 629 1.05462
598 630 0.881383
599 631 -0.163133
600 632 -0.239147
601 633 0.404397
602 634 0.230804
603 635 0.855445
604 636 1.4153
605 637 0.562578
606 638 0.69811
607 639 1.25828
608 640 0.673007
609 641 0.301994
610 642 -0.112715
611 643 0.018073
612 644 0.380466
613 645 0.410876
614 646 0.467658
615 647 1.83601
616 648 1.19437
617 649 0.102423
618 650 1.05226
619 651 1.6412
620 652 0.40771
621 653 1.55395
622 654 0.557025
623 655 1.52656
624 656 0.192959
625 657 0.985166
626 658 1.07353
627 659 0.658575
628 660 0.325983
629 661 0.324729
630 662 0.0165551
631 663 0.406023
632 664 0.382738
633 665 0.414818
634 666 0.572894
635 667 0.662066
636 668 1.28432
637 669 -0.414227
638 670 0.390906
639 671 2.08373
640 672 0.231211
641 673 -0.292971
642 674 1.80211
643 675 1.14957
644 676 -0.444664
645 677 1.24649
646 678 -0.13313
647 679 1.43803
648 680 0.590359
649 681 1.05672
650 682 0.307076
651 683 0.527811
652 684 -0.817104
653 685 0.920048
654 686 0.250759
655 687 -0.510974
656 688 0.716073
657 689 1.49184
658 690 0.473695
659 691 -1.03694
660 692 2.88336
661 693 -0.779428
662 694 0.153181
663 695 0.0361128
664 696 0.704248
665 697 1.47719
666 698 0.624213
667 699 -0.0682932
668 700 -0.270109
669 701 0.833835
670 702 0.0412134
671 703 0.495346
672 704 0.532703
673 705 1.73889
674 706 -0.843486
675 707 0.770642
676 708 0.06924
677 709 0.587394
678 710 0.749952
679 711 0.480765
680 712 0.688881
681 713 1.05813
682 714 1.36826
683 715 0.294597
684 716 1.36998
685 717 0.459264
686 718 -0.787013
687 719 0.128898
688 720 1.39716
689 721 0.846993
690 722 1.43666
691 723 -0.440947
692 724 -0.10543
693 725 0.715655
694 726 1.48963
695 727 0.85398
696 728 0.85913
697 729 0.142888
698 730 1.05379
699 731 1.76347
700 732 -0.217794
701 733 2.5878
702 734 1.16424
703 735 -0.647266
704 736 0.504181
705 737 0.782218
706 738 1.11537
707 739 -0.0608578
708 740 0.330051
709 741 0.751653
710 742 -0.0115963
711 743 0.369862
712 744 0.52207
713 745 -0.150784
714 746 -0.207114
715 747 -0.208422
716 748 0.308117
717 749 0.576894
718 750 1.00258
719 751 -0.448384
720 752 1.411
721 753 0.429881
722 754 0.805696
723 755 0.0203195
724 756 -0.0109983
725 757 -0.12826
726 758 -0.0115062
727 759 0.879171
728 760 0.667304
729 761 -0.424474
730 762 0.276229
731 763 0.303043
732 764 -0.0060506
733 765 -0.854815
734 766 1.25137
735 767 0.809017
736 768 0.878812
737 769 0.629702
738 770 0.81357
739 771 1.97856
740 772 0.741236
741 773 1.15308
742 774 -0.800026
743 775 0.875773
744 776 0.368778
745 777 0.0318325
746 778 0.430666
747 779 0.669936
748 780 0.830328
749 781 -1.02487
750 782 1.78144
751 783 0.383441
752 784 1.0268
753 785 0.280072
754 786 1.39352
755 787 -0.194671
756 788 0.795899
757 789 -0.675636
758 790 1.32535
759 791 1.16722
760 792 0.0067764
761 793 1.42371
762 794 1.03546
763 795 0.937622
764 796 0.740503
765 797 1.75163
766 798 1.76333
767 799 1.43765
768 800 0.219362
769 801 0.647473
770 802 -0.980108
771 803 1.42909
772 804 -0.0732947
773 805 -0.465099
774 806 -0.26192
775 807 0.762244
776 808 1.66336
777 809 0.874728
778 810 0.928532
779 811 -0.531524
780 812 0.687441
781 813 1.40686
782 814 1.18083
783 815 1.35776
784 816 0.692213
785 817 0.623432
786 818 -0.0554151
787 819 1.03031
788 820 0.976147
789 821 0.308397
790 822 -0.0931194
791 823 1.70622
792 824 1.32576
793 825 1.25984
794 826 0.944214
795 827 0.807678
796 828 1.57693
797 829 -0.0694155
798 830 1.7374
799 831 -0.915122
800 832 0.188073
801 833 -0.244457
802 834 0.444716
803 835 -0.574473
804 836 0.652594
805 837 1.22719
806 838 1.00388
807 839 1.53784
808 840 0.0422524
809 841 0.170655
810 842 1.35792
811 843 0.26452
812 844 0.0938671
813 845 0.747551
814 846 1.82997
815 847 0.736651
816 848 1.1398
817 849 0.577115
818 850 1.80467
819 851 0.874644
820 852 1.32875
821 853 0.508756
822 854 0.363532
823 855 0.623518
824 856 0.0801979
825 857 0.403357
826 858 0.63962
827 859 0.675886
828 860 0.843685
829 861 0.0330214
830 862 -0.438186
831 863 0.0070158
832 864 0.187368
833 865 0.198426
834 866 -0.0112955
835 867 2.24013
836 868 0.390213
837 869 0.532512
838 870 1.196
839 871 1.13095
840 872 0.409023
841 873 -0.121857
842 874 1.01084
843 875 -1.0441
844 876 1.04708
845 877 0.366666
846 878 1.02526
847 879 0.837453
848 880 1.05536
849 881 0.266744
850 882 1.78396
851 883 0.261497
852 884 0.398948
853 885 1.35486
854 886 1.20217
855 887 0.415142
856 888 0.108715
857 889 0.746994
858 890 0.963901
859 891 0.46827
860 892 1.30993
861 893 1.02698
862 894 0.986765
863 895 0.920523
864 896 0.083495
865 897 1.89224
866 898 0.112316
867 899 0.342989
868 900 0.430647
869 901 0.081425
870 902 -0.32489
871 903 1.2977
872 904 0.939247
873 905 0.903538
874 906 1.65136
875 907 -0.160677
876 908 0.732506
877 909 -0.735885
878 910 1.38026
879 911 2.95109
880 912 -0.0140122
881 913 -0.180773
882 914 1.31128
883 915 1.02728
884 916 0.450243
885 917 0.903691
886 918 1.2635
887 919 1.16992
888 920 -0.384316
889 921 0.826656
890 922 0.658658
891 923 0.415647
892 924 0.573022
893 925 0.901838
894 926 -0.305136
895 927 0.369124
896 928 0.591061
897 929 2.00112
898 930 -0.441392
899 931 -0.174612
900 932 1.30453
901 933 0.50221
902 934 0.762868
903 935 0.481798
904 936 0.588698
905 937 0.453958
906 938 1.15904
907 939 1.10595
908 940 0.0076962
909 941 1.30936
910 942 1.13458
911 943 0.92079
912 944 -1.09085
913 945 0.158882
914 946 0.387123
915 947 -0.0837259
916 948 1.54683
917 949 -0.092034
918 950 1.01098
919 951 0.264977
920 952 1.33464
921 953 -0.346384
922 954 -0.173434
923 955 0.999871
924 956 -0.297407
925 957 1.16924
926 958 -0.931618
927 959 -0.277964
928 960 0.906343
929 961 1.70396
930 962 1.04725
931 963 0.466838
932 964 0.273619
933 965 -0.349339
934 966 1.46852
935 967 0.722799
936 968 0.16431
937 969 -0.222438
938 970 0.367622
939 971 0.167455
940 972 0.708276
941 973 1.42605
942 974 -0.655599
943 975 0.147866
944 976 1.45198
945 977 0.324607
946 978 0.726407
947 979 0.0263666
948 980 0.157781
949 981 0.265348
950 982 1.86606
951 983 1.91246
952 984 -0.506346
953 985 0.865409
954 986 0.884363
955 987 2.04883
956 988 1.01393
957 989 -0.477129
958 990 0.915557
959 991 0.0615572
960 992 2.3216
961 993 0.423889
962 994 1.82985
963 995 -0.28762
964 996 0.0343393
965 997 0.330853
966 998 0.168336
967 999 0.50092
968 1000 1.06744
969 1001 0.43784
970 1002 1.12068
971 1003 -0.976274
972 1004 1.04332
973 1005 2.11593
974 1006 1.87776
975 1007 -0.924586
976 1008 1.10985
977 1009 0.061894
978 1010 0.595366
979 1011 0.164528
980 1012 0.366384
981 1013 0.715809
982 1014 0.160466
983 1015 1.28428
984 1016 0.392093
985 1017 -0.185932
986 1018 0.526159
987 1019 -0.135045
988 1020 1.23169
989 1021 -1.09023
990 1022 -0.107586
991 1023 0.209938
992 1024 0.412908
993 1 0
994 2 0
995 3 0
996 4 0
997 5 0
998 6 0
999 7 0
1000 8 0
1001 9 0
1002 10 0
1003 11 0
1004 12 0
1005 13 0
1006 14 0
1007 15 0
1008 16 0
1009 17 0
1010 18 0
1011 19 0
1012 20 0
1013 21 0
1014 22 0
1015 23 0
1016 24 0
1017 25 0
1018 26 0
1019 27 0
1020 28 0
1021 29 0
1022 30 0
1023 31 0
1024 32 0
