0 1 0.143098
1 2 0.349633
2 3 0.571264
3 4 0.531098
4 5 0.253605
5 6 0.770778
6 7 0.200776
7 8 -0.614
8 9 0.522936
9 10 0.931535
10 11 1.47427
11 12 1.57732
12 13 0.744674
13 14 -0.0705268
14 15 1.48159
15 16 1.96178
16 17 0.753076
17 18 1.48039
18 19 1.06878
19 20 -0.189831
20 21 0.636571
21 22 0.645733
22 23 0.345651
23 24 1.57168
24 25 0.572086
25 26 0.575156
26 27 0.667058
27 28 -0.239754
28 29 0.638328
29 30 0.948547
30 31 0.0622229
31 0 0
32 33 2.00223
33 34 0.259922
34 35 0.763427
35 36 0.66399
36 37 2.27661
37 38 0.499159
38 39 0.210642
39 40 0.837699
40 41 0.226634
41 42 0.0124404
42 43 0.887104
43 44 1.94375
44 45 0.784133
45 46 0.394618
46 47 0.0656397
47 48 0.499892
48 49 -0.972534
49 50 1.56473
50 51 0.147502
51 52 1.74534
52 53 1.42433
53 54 0.0352826
54 55 1.30958
55 56 1.31944
56 57 0.564837
57 58 -0.779429
58 59 0.358556
59 60 0.838258
60 61 -0.0329365
61 62 0.864753
62 63 0.353787
63 32 0
64 65 2.05504
65 66 0.492666
66 67 1.56397
67 68 -0.317809
68 69 -0.245006
69 70 0.804258
70 71 1.06604
71 72 -1.59833
72 73 1.06819
73 74 0.341967
74 75 1.08322
75 76 1.31067
76 77 1.03527
77 78 0.420625
78 79 0.861307
79 80 1.53193
80 81 1.41596
81 82 0.284544
82 83 -0.14707
83 84 0.0535648
84 85 0.676945
85 86 1.07323
86 87 1.06086
87 88 -0.393226
88 89 -0.20718
89 90 0.767854
90 91 0.0219058
91 92 2.06743
92 93 1.42581
93 94 0.337224
94 95 -0.662056
95 64 0
96 97 1.31802
97 98 2.41201
98 99 1.16783
99 100 0.419141
100 101 1.91525
101 102 0.80218
102 103 -0.890523
103 104 1.31112
104 105 0.335464
105 106 0.187878
106 107 0.130031
107 108 -0.519383
108 109 0.157796
109 110 0.884876
110 111 -0.225556
111 112 0.0621447
112 113 0.871378
113 114 0.927318
114 115 -0.131115
115 116 0.603822
116 117 1.59025
117 118 0.685278
118 119 -0.0085729
119 120 0.200136
120 121 1.332
121 122 -0.177008
122 123 0.968663
123 124 0.145326
124 125 0.693756
125 126 0.833523
126 127 1.16545
127 96 0
128 129 0.31078
129 130 -0.154958
130 131 0.136874
131 132 0.778569
132 133 -0.595865
133 134 0.740634
134 135 0.791779
135 136 0.126014
136 137 1.05508
137 138 1.11375
138 139 0.378988
139 140 -0.17986
140 141 0.143203
141 142 1.06669
142 143 -0.247892
143 144 0.665625
144 145 0.612166
145 146 1.9415
146 147 -0.124136
147 148 1.89144
148 149 0.0453058
149 150 0.287692
150 151 0.58987
151 152 -0.0236975
152 153 0.930872
153 154 1.47659
154 155 0.10015
155 156 0.649053
156 157 0.373209
157 158 -0.182105
158 159 0.385632
159 128 0
160 161 0.628991
161 162 0.0254488
162 163 0.635768
163 164 0.812268
164 165 1.56614
165 166 0.98391
166 167 0.543603
167 168 0.393799
168 169 -0.12375
169 170 -0.344287
170 171 0.90383
171 172 0.679067
172 173 2.01986
173 174 0.80606
174 175 0.604639
175 176 0.559266
176 177 0.0125701
177 178 0.580811
178 179 1.06628
179 180 -0.610735
180 181 1.83038
181 182 -0.473926
182 183 1.02844
183 184 0.861124
184 185 0.956876
185 186 -0.118718
186 187 2.26562
187 188 0.408409
188 189 0.324067
189 190 0.397338
190 191 0.296276
191 160 0
192 193 1.14237
193 194 0.301114
194 195 -1.04776
195 196 0.771944
196 197 -0.12092
197 198 0.388773
198 199 1.81337
199 200 1.36609
200 201 -0.0903327
201 202 1.12146
202 203 2.57698
203 204 0.29349
204 205 0.156272
205 206 -0.455694
206 207 2.64639
207 208 1
208 209 1.20381
209 210 0.61574
210 211 2.36619
211 212 0.263728
212 213 1.25658
213 214 0.869246
214 215 -0.241275
215 216 0.678137
216 217 0.234242
217 218 1.01324
218 219 1.45338
219 220 -0.927278
220 221 1.76761
221 222 0.4785
222 223 2.00349
223 192 0
224 225 1.51022
225 226 0.38013
226 227 1.05228
227 228 0.8759
228 229 0.493383
229 230 1.02437
230 231 0.551593
231 232 1.3598
232 233 1.05705
233 234 0.655238
234 235 1.24298
235 236 0.978881
236 237 0.690669
237 238 0.169958
238 239 0.413204
239 240 1.76659
240 241 1.50257
241 242 -0.480416
242 243 -0.0042027
243 244 1.46989
244 245 0.114018
245 246 0.56111
246 247 -0.164537
247 248 0.270199
248 249 0.87479
249 250 1.60164
250 251 -0.316051
251 252 0.0924381
252 253 -0.198947
253 254 2.39733
254 255 0.786235
255 224 0
256 257 0.15575
257 258 0.789147
258 259 0.120807
259 260 0.959593
260 261 0.678131
261 262 0.315947
262 263 0.101372
263 264 0.228255
264 265 0.175988
265 266 0.61427
266 267 0.341995
267 268 -1.13732
268 269 1.21884
269 270 1.42075
270 271 1.32233
271 272 0.529255
272 273 1.01809
273 274 1.51077
274 275 0.181145
275 276 0.931298
276 277 0.404361
277 278 1.86122
278 279 1.49075
279 280 0.788172
280 281 0.785253
281 282 1.62797
282 283 0.186507
283 284 0.118545
284 285 0.666993
285 286 -0.358926
286 287 -0.106219
287 256 0
288 289 -0.0302544
289 290 0.278633
290 291 0.761745
291 292 2.28974
292 293 -0.273331
293 294 0.477644
294 295 1.25308
295 296 0.808628
296 297 1.33224
297 298 -1.07306
298 299 0.0942449
299 300 1.00562
300 301 1.28045
301 302 0.877274
302 303 0.297748
303 304 -0.604271
304 305 1.05457
305 306 0.926466
306 307 3.34358
307 308 -0.809576
308 309 2.50297
309 310 1.95449
310 311 -0.285417
311 312 0.235795
312 313 2.13359
313 314 1.31509
314 315 0.130077
315 316 0.217827
316 317 1.6103
317 318 1.30676
318 319 0.543176
319 288 0
320 321 0.346324
321 322 3.47636
322 323 0.752482
323 324 1.99384
324 325 0.187148
325 326 2.82094
326 327 0.595076
327 328 0.852358
328 329 0.287081
329 330 4.0135
330 331 0.27539
331 332 0.606803
332 333 -0.256801
333 334 0.442774
334 335 2.22501
335 336 0.903824
336 337 -0.174702
337 338 0.856305
338 339 0.533019
339 340 1.37685
340 341 -0.761078
341 342 -0.39081
342 343 0.221675
343 344 1.21699
344 345 0.649903
345 346 1.01928
346 347 2.04424
347 348 1.13265
348 349 1.54091
349 350 1.2855
350 351 0.653958
351 320 0
352 353 1.61969
353 354 -0.549379
354 355 0.405621
355 356 1.43737
356 357 0.47594
357 358 0.932067
358 359 1.2507
359 360 -0.139609
360 361 0.376906
361 362 0.617116
362 363 1.39103
363 364 0.0776241
364 365 0.864606
365 366 -0.289582
366 367 1.22335
367 368 1.53147
368 369 0.24653
369 370 0.726627
370 371 0.195831
371 372 0.177706
372 373 0.90178
373 374 1.40931
374 375 0.279551
375 376 0.219505
376 377 0.227106
377 378 2.03368
378 379 0.137355
379 380 0.504472
380 381 -0.0252762
381 382 1.21557
382 383 0.982658
383 352 0
384 385 0.894718
385 386 0.994872
386 387 -0.361795
387 388 0.29976
388 389 1.40276
389 390 1.50606
390 391 0.115162
391 392 1.21164
392 393 1.50471
393 394 0.541663
394 395 -0.0536938
395 396 0.783546
396 397 0.661948
397 398 0.489368
398 399 1.82978
399 400 -0.0938581
400 401 0.0518662
401 402 -0.050862
402 403 0.87753
403 404 0.677591
404 405 0.456032
405 406 -0.892384
406 407 0.590807
407 408 -0.316438
408 409 0.92849
409 410 1.09841
410 411 0.920444
411 412 -0.0396168
412 413 0.811844
413 414 -0.211704
414 415 0.241313
415 384 0
416 417 0.667042
417 418 1.03488
418 419 0.683592
419 420 1.56608
420 421 0.173823
421 422 0.848838
422 423 0.954646
423 424 1.84715
424 425 -0.338408
425 426 1.88947
426 427 -0.299265
427 428 0.977627
428 429 0.173851
429 430 1.09731
430 431 -0.361619
431 432 0.919091
432 433 0.576919
433 434 0.3224
434 435 1.69093
435 436 0.12629
436 437 0.659972
437 438 0.820432
438 439 0.321015
439 440 0.018123
440 441 2.08903
441 442 1.67937
442 443 -0.0424342
443 444 1.12086
444 445 0.249456
445 446 0.991994
446 447 1.08177
447 416 0
448 449 1.12374
449 450 -0.0346454
450 451 0.613609
451 452 0.985163
452 453 1.12215
453 454 0.477675
454 455 0.950336
455 456 -0.324209
456 457 0.943215
457 458 0.658389
458 459 2.0013
459 460 0.948431
460 461 1.65985
461 462 0.633022
462 463 0.905873
463 464 0.0212144
464 465 0.0481768
465 466 0.0762802
466 467 -0.0228847
467 468 0.201506
468 469 1.50768
469 470 -0.522677
470 471 -0.072468
471 472 1.78434
472 473 1.63356
473 474 0.171879
474 475 1.21496
475 476 0.681534
476 477 2.91911
477 478 1.37609
478 479 2.18968
479 448 0
480 481 1.53856
481 482 -0.344653
482 483 1.36646
483 484 1.2504
484 485 -0.0076392
485 486 0.892741
486 487 1.04342
487 488 -0.144643
488 489 2.68385
489 490 1.20805
490 491 -0.0638835
491 492 -0.0298272
492 493 0.832946
493 494 -0.114201
494 495 -0.180762
495 496 0.64179
496 497 0.500674
497 498 0.113106
498 499 -0.192112
499 500 0.278979
500 501 0.820778
501 502 -0.696798
502 503 1.13082
503 504 -0.384519
504 505 0.847819
505 506 1.5621
506 507 -0.776519
507 508 0.472084
508 509 0.414017
509 510 -0.0478814
510 511 0.575588
511 480 0
512 513 0.144076
513 514 1.9446
514 515 1.02292
515 516 -0.174805
516 517 0.658197
517 518 0.906033
518 519 2.45095
519 520 0.0442156
520 521 1.01899
521 522 0.804258
522 523 -0.330358
523 524 0.255585
524 525 1.06696
525 526 1.35718
526 527 0.495922
527 528 2.05081
528 529 0.0350849
529 530 0.717421
530 531 1.05799
531 532 0.690822
532 533 0.166313
533 534 -0.149786
534 535 0.917154
535 536 -0.265546
536 537 0.322022
537 538 0.116831
538 539 2.01781
539 540 0.702108
540 541 0.0373056
541 542 0.939336
542 543 -0.46837
543 512 0
544 545 0.207965
545 546 0.975921
546 547 0.373631
547 548 -0.19947
548 549 -0.32265
549 550 0.972644
550 551 -0.724864
551 552 0.279673
552 553 1.17835
553 554 -0.329753
554 555 1.3619
555 556 -0.822751
556 557 0.394705
557 558 0.736486
558 559 0.0036686
559 560 0.553312
560 561 -0.0748197
561 562 0.899442
562 563 1.1881
563 564 0.676881
564 565 -0.0275241
565 566 0.732995
566 567 -0.290987
567 568 0.839275
568 569 0.406181
569 570 1.56041
570 571 1.79652
571 572 0.25723
572 573 0.787349
573 574 1.22221
574 575 0.374649
575 544 0
576 577 0.337369
577 578 0.37801
578 579 -0.0784181
579 580 0.72362
580 581 0.211111
581 582 0.457162
582 583 0.800702
583 584 0.871296
584 585 0.0489162
585 586 -0.0098135
586 587 0.286945
587 588 0.767239
588 589 0.267434
589 590 0.845001
590 591 0.14427
591 592 0.852702
592 593 0.37766
593 594 -0.783716
594 595 0.33037
595 596 0.220143
596 597 2.23213
597 598 -0.125278
598 599 0.115149
599 600 0.122607
600 601 1.0379
601 602 0.466558
602 603 0.580232
603 604 1.3896
604 605 -0.394176
605 606 0.448267
606 607 0.539198
607 576 0
608 609 0.999132
609 610 1.2734
610 611 -0.472656
611 612 1.6704
612 613 0.484714
613 614 2.10965
614 615 1.03851
615 616 0.8224
616 617 -0.0085757
617 618 0.612969
618 619 0.942019
619 620 0.615336
620 621 0.510713
621 622 -0.632331
622 623 1.88329
623 624 0.173473
624 625 0.676619
625 626 1.36991
626 627 1.99811
627 628 0.505375
628 629 -0.124498
629 630 -0.256161
630 631 1.85793
631 632 0.592185
632 633 -0.130429
633 634 0.650157
634 635 0.470954
635 636 1.85985
636 637 1.11285
637 638 0.21519
638 639 1.2735
639 608 0
640 641 1.07534
641 642 0.210312
642 643 0.378295
643 644 -0.347487
644 645 2.63478
645 646 -0.147291
646 647 1.13286
647 648 1.04195
648 649 2.11788
649 650 0.786392
650 651 -0.0868246
651 652 1.53236
652 653 0.726783
653 654 1.02328
654 655 -0.317354
655 656 0.912312
656 657 1.18956
657 658 0.32174
658 659 0.752771
659 660 0.308032
660 661 1.04841
661 662 0.658715
662 663 0.869338
663 664 0.608079
664 665 -0.196034
665 666 0.685515
666 667 0.552741
667 668 -0.0888409
668 669 1.08519
669 670 0.960173
670 671 0.521625
671 640 0
672 673 1.46809
673 674 0.71094
674 675 0.293586
675 676 -0.409277
676 677 0.18568
677 678 0.19443
678 679 -0.547172
679 680 0.0739907
680 681 0.134623
681 682 0.541994
682 683 0.174867
683 684 0.483771
684 685 -0.722516
685 686 0.254764
686 687 0.399995
687 688 1.01117
688 689 0.616637
689 690 0.244299
690 691 1.83537
691 692 0.378766
692 693 0.880355
693 694 1.5123
694 695 0.102529
695 696 1.82429
696 697 2.22058
697 698 1.08206
698 699 0.122538
699 700 0.763683
700 701 2.10669
701 702 2.04398
702 703 0.744862
703 672 0
704 705 0.605203
705 706 0.0335945
706 707 -0.0321009
707 708 1.55257
708 709 0.97554
709 710 1.30215
710 711 0.645396
711 712 -0.512967
712 713 0.503583
713 714 0.998304
714 715 0.188006
715 716 0.572635
716 717 0.0689264
717 718 1.68605
718 719 -0.136437
719 720 1.16918
720 721 0.247837
721 722 0.891352
722 723 0.436799
723 724 -0.490607
724 725 0.28897
725 726 1.90632
726 727 1.10464
727 728 0.91601
728 729 -0.0978382
729 730 0.611288
730 731 0.355061
731 732 0.059379
732 733 0.264459
733 734 0.922132
734 735 -0.0262263
735 704 0
736 737 0.455581
737 738 -0.413938
738 739 0.0988559
739 740 1.23533
740 741 0.360582
741 742 -0.610023
742 743 0.344714
743 744 1.74774
744 745 0.756885
745 746 1.20909
746 747 0.104685
747 748 2.03494
748 749 0.758564
749 750 0.180535
750 751 -0.126001
751 752 1.06776
752 753 -1.14558
753 754 1.0807
754 755 0.420432
755 756 -0.863463
756 757 0.843914
757 758 -1.01378
758 759 0.648234
759 760 -0.771355
760 761 0.764868
761 762 2.01727
762 763 0.90712
763 764 -0.0445202
764 765 0.512711
765 766 -0.551391
766 767 0.240358
767 736 0
768 769 -0.171526
769 770 0.10415
770 771 0.247249
771 772 -0.115211
772 773 2.09875
773 774 1.03895
774 775 0.233259
775 776 -0.389337
776 777 0.274098
777 778 0.486946
778 779 0.0182422
779 780 -0.0376281
780 781 0.457187
781 782 1.47072
782 783 1.70116
783 784 0.210984
784 785 1.34338
785 786 2.05221
786 787 0.665703
787 788 1.43995
788 789 -0.0621849
789 790 1.04876
790 791 0.241034
791 792 0.128544
792 793 -0.137823
793 794 -0.300873
794 795 0.0756659
795 796 -0.930144
796 797 1.99021
797 798 -0.15138
798 799 0.697202
799 768 0
800 801 2.98773
801 802 0.170777
802 803 0.0043266
803 804 1.18501
804 805 0.286145
805 806 0.499229
806 807 2.07415
807 808 1.46268
808 809 0.42573
809 810 -0.663997
810 811 -0.238169
811 812 0.426387
812 813 0.377122
813 814 1.5331
814 815 -1.21644
815 816 1.27047
816 817 -0.115646
817 818 0.994406
818 819 -0.274608
819 820 0.714581
820 821 1.22078
821 822 0.59111
822 823 -0.298066
823 824 -0.039553
824 825 -0.257742
825 826 1.08825
826 827 1.81837
827 828 0.189118
828 829 0.452256
829 830 -0.273504
830 831 -0.0066647
831 800 0
832 833 0.619754
833 834 1.19637
834 835 0.517587
835 836 -0.888352
836 837 1.57279
837 838 -0.853626
838 839 1.47048
839 840 0.628662
840 841 1.44299
841 842 1.22781
842 843 1.63533
843 844 2.01017
844 845 1.73202
845 846 2.10234
846 847 0.433908
847 848 1.67873
848 849 1.25062
849 850 1.00207
850 851 0.773391
851 852 0.736416
852 853 0.465622
853 854 0.0545521
854 855 0.419502
855 856 1.16
856 857 -0.0334592
857 858 0.654144
858 859 0.86088
859 860 0.489172
860 861 0.417241
861 862 1.30304
862 863 1.48045
863 832 0
864 865 1.74393
865 866 -0.286215
866 867 0.582024
867 868 0.529804
868 869 1.02646
869 870 1.03676
870 871 1.68054
871 872 0.540246
872 873 1.33652
873 874 1.19832
874 875 1.80675
875 876 0.0932103
876 877 -0.305545
877 878 0.515767
878 879 0.295514
879 880 0.765675
880 881 0.836148
881 882 0.937949
882 883 0.330015
883 884 0.700122
884 885 1.40136
885 886 1.32406
886 887 0.228871
887 888 -0.157662
888 889 1.03857
889 890 0.6314
890 891 0.341547
891 892 1.55634
892 893 1.97363
893 894 1.4227
894 895 2.55438
895 864 0
896 897 0.987266
897 898 -0.911297
898 899 0.67842
899 900 -0.578364
900 901 0.484682
901 902 1.05561
902 903 0.537984
903 904 0.996712
904 905 -0.594911
905 906 1.08476
906 907 0.224323
907 908 1.36635
908 909 -0.0360054
909 910 0.819234
910 911 -0.653553
911 912 1.361
912 913 0.573423
913 914 1.97226
914 915 1.58519
915 916 1.67987
916 917 -0.443918
917 918 1.56334
918 919 0.615644
919 920 0.413637
920 921 0.702854
921 922 1.63717
922 923 -0.115924
923 924 0.393531
924 925 0.914484
925 926 0.729916
926 927 1.57948
927 896 0
928 929 1.31983
929 930 0.267832
930 931 0.574226
931 932 1.3272
932 933 -1.08304
933 934 2.16639
934 935 -0.617921
935 936 -0.236621
936 937 1.76391
937 938 -0.0649076
938 939 0.415655
939 940 0.0324177
940 941 0.897894
941 942 0.756599
942 943 0.215237
943 944 1.03563
944 945 0.403386
945 946 0.786638
946 947 0.578192
947 948 0.541076
948 949 0.732312
949 950 0.217018
950 951 0.678009
951 952 0.306047
952 953 0.526994
953 954 2.43636
954 955 1.02123
955 956 0.0748664
956 957 1.11042
957 958 0.0402818
958 959 1.06463
959 928 0
960 961 -0.090118
961 962 0.275236
962 963 -0.168513
963 964 0.699937
964 965 0.899622
965 966 1.05939
966 967 0.130335
967 968 1.02382
968 969 1.25391
969 970 0.307365
970 971 0.81475
971 972 1.02256
972 973 0.673842
973 974 0.303631
974 975 1.42016
975 976 0.78101
976 977 -0.54199
977 978 -0.497613
978 979 2.11336
979 980 0.597567
980 981 1.8266
981 982 0.537549
982 983 1.27085
983 984 -0.171318
984 985 0.375306
985 986 -0.0308556
986 987 0.981181
987 988 0.616987
988 989 -0.174966
989 990 -0.0049642
990 991 0.744561
991 960 0
992 993 0.529561
993 994 0.171999
994 995 1.63757
995 996 0.710318
996 997 -0.0899803
997 998 1.00621
998 999 -0.164512
999 1000 0.278867
1000 1001 -0.224947
1001 1002 -0.617446
1002 1003 0.988952
1003 1004 1.26088
1004 1005 1.07123
1005 1006 2.69697
1006 1007 0.0074866
1007 1008 1.68551
1008 1009 1.45839
1009 1010 1.63675
1010 1011 1.47117
1011 1012 0.989345
1012 1013 0.299029
1013 1014 0.602781
1014 1015 1.1214
1015 1016 0.82793
1016 1017 -0.361007
1017 1018 1.06241
1018 1019 0.0436136
1019 1020 0.487611
1020 1021 0.735269
1021 1022 1.30504
1022 1023 0.108876
1023 992 0
0 32 0.24762
1 33 1.86148
2 34 -0.367163
3 35 2.33604
4 36 -0.272322
5 37 -0.301068
6 38 0.532504
7 39 2.71446
8 40 1.65268
9 41 1.85694
10 42 0.752862
11 43 0.684331
12 44 -0.44269
13 45 0.728437
14 46 0.200364
15 47 -0.20988
16 48 1.05566
17 49 2.20901
18 50 -0.391444
19 51 0.623492
20 52 -0.312039
21 53 0.871185
22 54 1.63933
23 55 0.324346
24 56 0.429473
25 57 0.346913
26 58 0.382098
27 59 0.794414
28 60 1.23269
29 61 -0.490861
30 62 1.07675
31 63 2.27319
32 64 0.308386
33 65 0.872227
34 66 -0.16072
35 67 -0.273907
36 68 0.318072
37 69 -0.213972
38 70 0.30953
39 71 0.700636
40 72 1.25828
41 73 0.435252
42 74 0.935077
43 75 1.32286
44 76 0.709637
45 77 0.505814
46 78 -0.4198
47 79 0.0957154
48 80 0.345073
49 81 0.778734
50 82 0.674239
51 83 1.00843
52 84 0.768588
53 85 0.98421
54 86 -0.0036274
55 87 0.100422
56 88 0.639698
57 89 0.241564
58 90 0.127168
59 91 0.700171
60 92 0.87902
61 93 0.189547
62 94 -0.43864
63 95 1.01606
64 96 1.06667
65 97 1.7173
66 98 0.113135
67 99 1.47132
68 100 2.29172
69 101 -0.329512
70 102 0.393438
71 103 2.22295
72 104 1.39622
73 105 0.644396
74 106 0.881498
75 107 1.24574
76 108 0.262317
77 109 0.93178
78 110 1.21638
79 111 1.00314
80 112 0.483363
81 113 -0.0494928
82 114 1.0347
83 115 0.146378
84 116 0.441323
85 117 -0.252832
86 118 0.663317
87 119 0.782795
88 120 1.64219
89 121 1.44932
90 122 0.565135
91 123 1.10398
92 124 1.16146
93 125 0.495828
94 126 1.50848
95 127 2.61876
96 128 1.9384
97 129 -0.246305
98 130 0.42909
99 131 0.839974
100 132 0.131136
101 133 1.17257
102 134 1.14804
103 135 2.09471
104 136 0.535738
105 137 0.235802
106 138 0.811048
107 139 0.747848
108 140 0.596536
109 141 -0.322649
110 142 2.32328
111 143 -0.101577
112 144 0.0043926
113 145 0.331092
114 146 0.786599
115 147 0.146888
116 148 0.269807
117 149 -0.610353
118 150 0.444164
119 151 2.13374
120 152 1.05889
121 153 -0.253048
122 154 -0.15484
123 155 0.58355
124 156 -0.844409
125 157 1.61729
126 158 1.11607
127 159 0.694391
128 160 -0.130641
129 161 0.870661
130 162 0.481621
131 163 0.0399474
132 164 0.835307
133 165 0.408807
134 166 1.65766
135 167 0.146598
136 168 0.821035
137 169 1.1733
138 170 0.351562
139 171 2.03259
140 172 0.658435
141 173 -0.399352
142 174 0.75441
143 175 -0.133746
144 176 0.525046
145 177 0.671395
146 178 0.827698
147 179 1.14726
148 180 0.600733
149 181 0.875588
150 182 0.302335
151 183 0.399041
152 184 -0.43856
153 185 1.9252
154 186 0.282373
155 187 0.0302709
156 188 1.66653
157 189 -0.0283278
158 190 0.969401
159 191 1.1372
160 192 1.59852
161 193 -0.31642
162 194 0.99536
163 195 0.775578
164 196 0.23239
165 197 0.0536135
166 198 -0.711504
167 199 1.33556
168 200 -0.339273
169 201 0.92575
170 202 0.371618
171 203 0.167103
172 204 -0.347654
173 205 2.27707
174 206 0.434284
175 207 0.901626
176 208 -0.442927
177 209 1.31126
178 210 -0.95342
179 211 0.778786
180 212 0.119064
181 213 0.992172
182 214 0.905031
183 215 1.27421
184 216 1.19855
185 217 0.243821
186 218 0.603544
187 219 2.19141
188 220 0.333692
189 221 1.289
190 222 -1.17089
191 223 1.00122
192 224 -0.181184
193 225 1.29897
194 226 2.03418
195 227 0.229532
196 228 0.464534
197 229 -0.231874
198 230 1.54995
199 231 -1.28166
200 232 2.35472
201 233 0.724139
202 234 -1.42111
203 235 1.02094
204 236 1.13414
205 237 0.275648
206 238 0.703653
207 239 1.84899
208 240 -0.288262
209 241 0.0941974
210 242 1.22347
211 243 -0.0773284
212 244 0.544208
213 245 0.823995
214 246 -0.598909
215 247 1.30289
216 248 -0.421495
217 249 1.16791
218 250 -0.26962
219 251 1.5688
220 252 0.589896
221 253 0.428393
222 254 -0.819245
223 255 1.37595
224 256 -0.353976
225 257 1.13331
226 258 0.629291
227 259 1.39631
228 260 1.09164
229 261 2.07918
230 262 0.737077
231 263 -0.0005522
232 264 0.0050335
233 265 0.045536
234 266 0.489882
235 267 1.49294
236 268 1.34622
237 269 -0.99457
238 270 0.690444
239 271 1.57867
240 272 0.0204421
241 273 0.590423
242 274 -0.0729031
243 275 -0.64156
244 276 1.04319
245 277 0.386986
246 278 0.345821
247 279 0.0219392
248 280 -0.455193
249 281 0.542924
250 282 1.00649
251 283 0.909793
252 284 0.825826
253 285 0.256544
254 286 0.292864
255 287 1.3898
256 288 2.31632
257 289 0.166973
258 290 -0.830834
259 291 0.353623
260 292 -0.246998
261 293 0.755843
262 294 1.05005
263 295 0.943257
264 296 0.210994
265 297 1.69135
266 298 0.788829
267 299 0.103637
268 300 0.667372
269 301 1.64957
270 302 1.32105
271 303 1.59787
272 304 1.05885
273 305 -0.0318123
274 306 1.34533
275 307 0.278142
276 308 0.595061
277 309 0.241398
278 310 0.171359
279 311 1.19962
280 312 0.575161
281 313 0.381712
282 314 1.51838
283 315 0.577812
284 316 -0.0002178
285 317 -0.0990905
286 318 0.989341
287 319 1.34846
288 320 0.544801
289 321 1.01436
290 322 1.43022
291 323 -1.22612
292 324 1.92881
293 325 1.27714
294 326 0.0409338
295 327 -0.565994
296 328 1.08782
297 329 0.9674
298 330 0.366046
299 331 -0.463949
300 332 1.61635
301 333 1.80587
302 334 0.368345
303 335 -0.10422
304 336 0.691254
305 337 0.384081
306 338 -0.278692
307 339 0.948262
308 340 1.76712
309 341 1.52171
310 342 1.2433
311 343 -0.463135
312 344 1.15323
313 345 0.0709198
314 346 -1.02934
315 347 0.954398
316 348 -0.162742
317 349 -0.404897
318 350 1.81306
319 351 0.183986
320 352 0.052812
321 353 -0.0272552
322 354 1.78495
323 355 -0.90215
324 356 1.1269
325 357 0.982862
326 358 2.67365
327 359 0.221225
328 360 -0.178099
329 361 1.47326
330 362 0.37851
331 363 1.01364
332 364 -0.276781
333 365 1.41718
334 366 0.732722
335 367 0.765731
336 368 2.70541
337 369 -0.0406514
338 370 0.367471
339 371 -0.0793597
340 372 0.574867
341 373 1.16477
342 374 -0.0704845
343 375 0.796148
344 376 1.51507
345 377 0.188897
346 378 0.617164
347 379 1.58482
348 380 -0.639163
349 381 1.47269
350 382 -0.608461
351 383 1.29638
352 384 1.53265
353 385 0.659038
354 386 1.74525
355 387 0.505395
356 388 -0.0190865
357 389 0.328295
358 390 0.534402
359 391 0.375281
360 392 1.06921
361 393 0.259527
362 394 0.929664
363 395 1.26361
364 396 0.807231
365 397 -0.513265
366 398 0.867283
367 399 -0.520497
368 400 0.114739
369 401 1.21401
370 402 1.22462
371 403 0.30326
372 404 1.39975
373 405 0.714907
374 406 0.0241288
375 407 2.05108
376 408 0.534639
377 409 1.10925
378 410 0.341105
379 411 0.269347
380 412 1.43737
381 413 1.07976
382 414 0.446112
383 415 2.41707
384 416 0.993391
385 417 1.43501
386 418 0.548903
387 419 0.0900489
388 420 0.17359
389 421 -0.207851
390 422 1.89274
391 423 0.386782
392 424 1.09028
393 425 1.28782
394 426 -0.967917
395 427 0.0254888
396 428 1.89688
397 429 0.105352
398 430 -0.203209
399 431 1.2064
400 432 1.05519
401 433 0.857244
402 434 -0.800357
403 435 0.894938
404 436 -0.631995
405 437 1.39293
406 438 1.25438
407 439 0.547416
408 440 2.02375
409 441 -0.646489
410 442 -0.841221
411 443 1.40863
412 444 1.25926
413 445 -0.331275
414 446 0.427853
415 447 -0.109982
416 448 1.40633
417 449 0.914576
418 450 1.42087
419 451 0.497965
420 452 -0.108171
421 453 0.356085
422 454 0.907657
423 455 0.204269
424 456 0.279839
425 457 1.79303
426 458 -0.489972
427 459 0.790265
428 460 1.49506
429 461 1.15433
430 462 0.531674
431 463 0.119537
432 464 1.06667
433 465 0.802577
434 466 0.19696
435 467 0.29437
436 468 1.21781
437 469 0.62309
438 470 0.603528
439 471 0.651591
440 472 0.0671265
441 473 0.715145
442 474 1.56143
443 475 1.10278
444 476 -0.26373
445 477 0.575216
446 478 0.171252
447 479 1.78592
448 480 0.770116
449 481 1.16006
450 482 0.837248
451 483 0.290989
452 484 -0.255694
453 485 -0.0824261
454 486 1.3414
455 487 -0.538675
456 488 2.01074
457 489 0.684499
458 490 0.577629
459 491 2.64402
460 492 -0.179801
461 493 0.158164
462 494 0.91957
463 495 0.14982
464 496 0.705074
465 497 0.669713
466 498 -0.122073
467 499 0.366846
468 500 0.130158
469 501 1.00824
470 502 0.518361
471 503 1.25388
472 504 -0.109172
473 505 1.95156
474 506 0.283344
475 507 1.04433
476 508 -0.13377
477 509 -0.12437
478 510 2.71229
479 511 1.10116
480 512 0.358318
481 513 2.28074
482 514 -0.686796
483 515 0.556881
484 516 0.903761
485 517 -0.558499
486 518 1.29916
487 519 -0.201767
488 520 0.0789092
489 521 1.10558
490 522 0.610947
491 523 -0.0377659
492 524 2.01105
493 525 0.188304
494 526 0.384653
495 527 2.16641
496 528 1.29064
497 529 0.573317
498 530 1.08473
499 531 -0.147592
500 532 2.94839
501 533 0.431317
502 534 0.963939
503 535 -0.973837
504 536 -0.118177
505 537 0.490708
506 538 0.814944
507 539 1.42014
508 540 1.11596
509 541 -0.0490084
510 542 0.335103
511 543 0.577721
512 544 0.5112
513 545 -0.0970109
514 546 0.557282
515 547 0.341992
516 548 0.811896
517 549 0.995091
518 550 0.549165
519 551 1.11151
520 552 0.831093
521 553 0.586371
522 554 0.519369
523 555 0.459734
524 556 2.94042
525 557 -0.206748
526 558 0.974057
527 559 0.378851
528 560 0.975568
529 561 0.254728
530 562 -0.201613
531 563 0.697169
532 564 0.0926256
533 565 1.0037
534 566 0.143612
535 567 1.26571
536 568 0.0946755
537 569 0.555759
538 570 0.881847
539 571 -0.469205
540 572 1.44542
541 573 1.84662
542 574 0.528724
543 575 1.01944
544 576 -0.165889
545 577 1.2733
546 578 0.202663
547 579 0.402408
548 580 0.204896
549 581 0.556116
550 582 -0.50099
551 583 1.38287
552 584 0.395339
553 585 1.2886
554 586 0.74965
555 587 0.488022
556 588 0.334865
557 589 -0.179843
558 590 0.303459
559 591 -0.420827
560 592 2.57375
561 593 0.435161
562 594 0.618778
563 595 0.933656
564 596 0.06138
565 597 1.03583
566 598 2.01963
567 599 0.679967
568 600 -0.0792013
569 601 0.247878
570 602 -0.0498554
571 603 0.522035
572 604 0.46747
573 605 -0.061262
574 606 1.0109
575 607 1.28724
576 608 1.40304
577 609 0.561102
578 610 0.186097
579 611 0.866456
580 612 -0.0632786
581 613 -0.12859
582 614 0.144578
583 615 0.0551104
584 616 0.501832
585 617 0.28254
586 618 0.817676
587 619 -0.653429
588 620 0.407226
589 621 0.308692
590 622 -0.0407201
591 623 0.299422
592 624 0.628485
593 625 0.23446
594 626 -0.0649496
595 627 0.385009
596 628 1.11092
597 629 1.82355
598 630 0.877073
599 631 1.90634
600 632 1.014
601 633 0.32111
602 634 0.193349
603 635 -0.254881
604 636 0.320374
605 637 0.062219
606 638 0.457725
607 639 0.328337
608 640 -0.375049
609 641 0.922549
610 642 0.370955
611 643 1.40921
612 644 2.31452
613 645 1.37552
614 646 1.3724
615 647 0.486256
616 648 -0.128711
617 649 1.62304
618 650 0.295981
619 651 0.359384
620 652 1.49908
621 653 1.3741
622 654 0.663525
623 655 2.30539
624 656 0.716196
625 657 0.479471
626 658 0.620045
627 659 1.33713
628 660 1.80584
629 661 0.541371
630 662 0.569754
631 663 0.970069
632 664 0.62309
633 665 1.66315
634 666 -0.108081
635 667 -0.0348588
636 668 0.253544
637 669 -0.795144
638 670 1.12873
639 671 1.33415
640 672 -0.426747
641 673 1.4671
642 674 0.280345
643 675 1.01136
644 676 0.853948
645 677 0.833774
646 678 1.22396
647 679 0.718284
648 680 0.209023
649 681 0.0627776
650 682 -0.768585
651 683 1.49437
652 684 0.216986
653 685 0.774251
654 686 -0.454796
655 687 -0.433515
656 688 1.44488
657 689 0.0142852
658 690 -0.802135
659 691 1.72467
660 692 1.67012
661 693 0.0248184
662 694 1.84596
663 695 1.62173
664 696 1.04941
665 697 1.0193
666 698 -0.0045531
667 699 -0.30763
668 700 0.829583
669 701 0.183534
670 702 0.913942
671 703 -0.748274
672 704 0.950979
673 705 -0.151178
674 706 0.345454
675 707 0.740331
676 708 0.555824
677 709 -0.603295
678 710 -0.154241
679 711 0.559192
680 712 0.356614
681 713 -0.530635
682 714 1.89467
683 715 1.91629
684 716 1.50193
685 717 1.09776
686 718 1.7317
687 719 1.41396
688 720 1.08114
689 721 -0.457972
690 722 0.897697
691 723 0.23448
692 724 1.49454
693 725 -0.555265
694 726 0.686909
695 727 0.566367
696 728 0.247239
697 729 1.32767
698 730 0.571761
699 731 0.420064
700 732 2.02187
701 733 0.163674
702 734 0.609564
703 735 0.150358
704 736 -0.0868801
705 737 -0.0331399
706 738 -0.166283
707 739 0.586806
708 740 0.437552
709 741 0.116769
710 742 0.801982
711 743 0.420776
712 744 0.697791
713 745 1.00592
714 746 2.07139
715 747 0.248397
716 748 1.94255
717 749 0.899583
718 750 -0.122341
719 751 -0.132318
720 752 0.918852
721 753 0.839549
722 754 0.993433
723 755 0.603405
724 756 0.29952
725 757 0.561307
726 758 0.906487
727 759 0.0010303
728 760 -0.0047642
729 761 -0.204482
730 762 2.57319
731 763 0.168268
732 764 -0.389512
733 765 0.667363
734 766 0.496647
735 767 0.898854
736 768 0.67547
737 769 1.66312
738 770 0.741266
739 771 0.938451
740 772 0.447624
741 773 0.262421
742 774 0.170521
743 775 1.86951
744 776 -0.130346
745 777 -0.570618
746 778 0.497109
747 779 0.0818878
748 780 0.494933
749 781 -0.044433
750 782 0.433805
751 783 0.0862676
752 784 1.77129
753 785 0.0846474
754 786 1.34534
755 787 0.498703
756 788 1.01233
757 789 0.934657
758 790 0.484775
759 791 0.5471
760 792 1.3995
761 793 1.22138
762 794 -0.165933
763 795 0.452523
764 796 0.274882
765 797 0.0611938
766 798 0.83205
767 799 0.680888
768 800 0.744734
769 801 0.269396
770 802 0.935066
771 803 0.261129
772 804 1.01593
773 805 1.33858
774 806 1.10088
775 807 1.33147
776 808 0.984415
777 809 0.830117
778 810 1.14908
779 811 1.25439
780 812 0.383364
781 813 0.549991
782 814 0.0622168
783 815 1.31232
784 816 0.310774
785 817 -0.349705
786 818 0.256804
787 819 -0.0057896
788 820 0.766834
789 821 -0.249808
790 822 0.365242
791 823 0.114209
792 824 1.13068
793 825 1.83115
794 826 0.909745
795 827 0.932702
796 828 1.46019
797 829 0.730518
798 830 1.10146
799 831 0.736037
800 832 0.454901
801 833 0.899556
802 834 1.27216
803 835 0.274299
804 836 0.920628
805 837 0.891896
806 838 1.09474
807 839 1.15838
808 840 2.38561
809 841 1.3555
810 842 0.158364
811 843 0.976501
812 844 0.409442
813 845 0.192632
814 846 0.945619
815 847 -0.307794
816 848 1.26666
817 849 1.41533
818 850 0.620518
819 851 1.39488
820 852 -0.354462
821 853 -0.414113
822 854 0.871021
823 855 1.80965
824 856 1.2484
825 857 1.01853
826 858 0.287483
827 859 -0.0619962
828 860 0.820153
829 861 1.31929
830 862 0.269117
831 863 1.3284
832 864 0.396668
833 865 1.24545
834 866 0.747461
835 867 0.949557
836 868 0.795939
837 869 0.0133934
838 870 2.84062
839 871 -0.119805
840 872 0.96672
841 873 -0.669314
842 874 0.649476
843 875 0.212254
844 876 0.789458
845 877 0.481867
846 878 -0.190575
847 879 1.83438
848 880 0.273346
849 881 0.288022
850 882 0.777376
851 883 0.899095
852 884 -0.733164
853 885 1.61563
854 886 -0.0124184
855 887 -0.0363266
856 888 1.45253
857 889 0.697183
858 890 1.28872
859 891 -0.379798
860 892 1.27537
861 893 0.847448
862 894 -0.184664
863 895 1.15321
864 896 0.637573
865 897 0.396573
866 898 2.17284
867 899 0.941645
868 900 0.786982
869 901 1.35816
870 902 0.27719
871 903 0.982779
872 904 1.18823
873 905 0.262521
874 906 0.280164
875 907 0.455132
876 908 0.536298
877 909 0.373124
878 910 0.599286
879 911 0.572356
880 912 -0.559998
881 913 0.143679
882 914 -0.454705
883 915 0.429184
884 916 0.935958
885 917 -0.748611
886 918 0.446523
887 919 0.350175
888 920 -0.644972
889 921 1.35894
890 922 0.25165
891 923 -0.287218
892 924 2.49571
893 925 -0.007186
894 926 0.622931
895 927 0.405052
896 928 0.838041
897 929 0.609815
898 930 0.683804
899 931 0.561868
900 932 1.5827
901 933 1.11934
902 934 0.367542
903 935 0.917498
904 936 0.543056
905 937 1.01201
906 938 2.01209
907 939 0.827986
908 940 1.01887
909 941 -0.109913
910 942 1.84397
911 943 0.53035
912 944 -0.102901
913 945 -0.58556
914 946 0.255679
915 947 1.40278
916 948 0.0168516
917 949 1.16134
918 950 0.854586
919 951 0.0204974
920 952 -0.411656
921 953 2.4186
922 954 -0.754952
923 955 0.0174539
924 956 0.218496
925 957 1.18912
926 958 0.0591521
927 959 0.437049
928 960 1.89189
929 961 1.83353
930 962 1.01956
931 963 -0.129184
932 964 1.26584
933 965 1.03954
934 966 -0.564538
935 967 1.86405
936 968 0.793313
937 969 -0.215623
938 970 -0.2429
939 971 -0.110624
940 972 0.478811
941 973 0.143184
942 974 0.0326781
943 975 -0.178146
944 976 0.606465
945 977 0.918559
946 978 0.927096
947 979 1.0568
948 980 0.0309931
949 981 -0.183331
950 982 0.0124181
951 983 0.615736
952 984 2.06524
953 985 0.835562
954 986 1.75301
955 987 -0.171691
956 988 1.3656
957 989 1.42213
958 990 -0.0255727
959 991 1.1304
960 992 0.816377
961 993 0.17566
962 994 0.0330381
963 995 0.205658
964 996 0.875152
965 997 0.584525
966 998 1.4575
967 999 0.383142
968 1000 0.250745
969 1001 1.09419
970 1002 1.18825
971 1003 1.25178
972 1004 -0.621835
973 1005 0.852569
974 1006 -0.242607
975 1007 0.36284
976 1008 -0.0510428
977 1009 1.63455
978 1010 1.2158
979 1011 -0.102081
980 1012 0.0783872
981 1013 2.09537
982 1014 0.269362
983 1015 0.204707
984 1016 1.28165
985 1017 2.11204
986 1018 0.384175
987 1019 0.670242
988 1020 0.88276
989 1021 -0.620605
990 1022 0.584844
991 1023 1.49107
992 0 0
993 1 0
994 2 0
995 3 0
996 4 0
997 5 0
998 6 0
999 7 0
1000 8 0
1001 9 0
1002 10 0
1003 11 0
1004 12 0
1005 13 0
1006 14 0
1007 15 0
1008 16 0
1009 17 0
1010 18 0
1011 19 0
1012 20 0
1013 21 0
1014 22 0
1015 23 0
1016 24 0
1017 25 0
1018 26 0
1019 27 0
1020 28 0
1021 29 0
1022 30 0
1023 31 0
