1 2 3498702
2 3 2683555
3 4 4156375
4 5 15959602
5 6 1836936
6 7 5839458
7 8 7945421
8 9 -7425531
9 10 17109318
10 11 12438064
11 12 1379449
12 13 10343034
13 14 15723213
14 15 17415272
15 16 8637683
16 17 9839210
17 18 -8383266
18 19 9492282
19 20 7328822
20 21 4054633
21 22 5214192
22 23 5571939
23 24 6211272
24 25 1704440
25 26 993943
26 27 9302132
27 28 -8693180
28 29 8282310
29 30 5134752
30 31 13489870
31 32 13131896
32 1 0
33 34 -1631299
34 35 14026840
35 36 8565969
36 37 1566790
37 38 13364388
38 39 7763320
39 40 -1317460
40 41 11815431
41 42 22904013
42 43 12909594
43 44 7449711
44 45 5793696
45 46 2887880
46 47 9155573
47 48 10267944
48 49 17029595
49 50 9823153
50 51 -1955511
51 52 8768044
52 53 -1594318
53 54 16977816
54 55 -4119176
55 56 -1686130
56 57 7816699
57 58 3034828
58 59 11219230
59 60 9578770
60 61 -4345558
61 62 1047793
62 63 12149055
63 64 10486358
64 33 0
65 66 21130680
66 67 939519
67 68 8663872
68 69 -111688
69 70 25219684
70 71 -2579461
71 72 -12507460
72 73 -5054060
73 74 8445087
74 75 7689902
75 76 16801741
76 77 8124101
77 78 14660892
78 79 473541
79 80 5662234
80 81 15339825
81 82 854705
82 83 3406714
83 84 10706640
84 85 10683800
85 86 1020895
86 87 13710701
87 88 6899909
88 89 7340843
89 90 1926952
90 91 5929327
91 92 6407174
92 93 13840416
93 94 16895369
94 95 -4058547
95 96 8689008
96 65 0
97 98 -4732917
98 99 13342301
99 100 15148866
100 101 2389489
101 102 -8001620
102 103 27837869
103 104 2597584
104 105 12293582
105 106 -29709
106 107 1526257
107 108 15210600
108 109 12217423
109 110 3442694
110 111 7413820
111 112 6044130
112 113 6313069
113 114 2097981
114 115 -157513
115 116 9927870
116 117 21707660
117 118 6639110
118 119 10112120
119 120 6151430
120 121 -2599457
121 122 7425678
122 123 10750248
123 124 6799196
124 125 205551
125 126 11716216
126 127 5447294
127 128 25721659
128 97 0
129 130 11558257
130 131 5430855
131 132 292199
132 133 -158603
133 134 10116049
134 135 13807750
135 136 20888526
136 137 4850650
137 138 5007557
138 139 10163545
139 140 8417146
140 141 15830764
141 142 14023030
142 143 10643590
143 144 7447356
144 145 6117928
145 146 13094480
146 147 19781178
147 148 12329467
148 149 9585250
149 150 9572336
150 151 13405025
151 152 105755
152 153 1393199
153 154 6076611
154 155 13821477
155 156 10359057
156 157 11965459
157 158 -676851
158 159 14965617
159 160 -1826099
160 129 0
161 162 8837710
162 163 2799638
163 164 1622432
164 165 11721526
165 166 6258942
166 167 5046199
167 168 4543146
168 169 11419753
169 170 2086551
170 171 3210185
171 172 -6673594
172 173 14656324
173 174 12001196
174 175 -7318008
175 176 -380857
176 177 3917692
177 178 20403872
178 179 -5524222
179 180 -8072248
180 181 17235807
181 182 -2706579
182 183 15861202
183 184 7770330
184 185 11251974
185 186 1053550
186 187 -3144889
187 188 -1125780
188 189 -9904071
189 190 9710016
190 191 9845416
191 192 15369949
192 161 0
193 194 10049026
194 195 27774253
195 196 5479934
196 197 2120085
197 198 -456943
198 199 5259629
199 200 -1751929
200 201 16497976
201 202 11010058
202 203 6474853
203 204 10302649
204 205 8820593
205 206 -2955744
206 207 24756610
207 208 -4278243
208 209 7877896
209 210 8708932
210 211 7110238
211 212 3780262
212 213 -51843
213 214 -2079823
214 215 -627815
215 216 12192987
216 217 -7449481
217 218 15306661
218 219 -371028
219 220 1016267
220 221 6596495
221 222 2011056
222 223 -3192011
223 224 15546424
224 193 0
225 226 -6500934
226 227 1262980
227 228 7462264
228 229 1374972
229 230 292804
230 231 10058358
231 232 -871683
232 233 531711
233 234 1574805
234 235 939313
235 236 -1352604
236 237 -1664370
237 238 10233079
238 239 -9935657
239 240 260116
240 241 1788340
241 242 -2507760
242 243 186851
243 244 687422
244 245 22334641
245 246 6400278
246 247 7271246
247 248 2441080
248 249 5824880
249 250 -2972649
250 251 2533950
251 252 7202036
252 253 7191883
253 254 -2106963
254 255 9619634
255 256 23997983
256 225 0
257 258 5067431
258 259 4697491
259 260 4805127
260 261 9706442
261 262 16174975
262 263 10551801
263 264 19222901
264 265 6341638
265 266 15175237
266 267 13630054
267 268 -3260290
268 269 2758701
269 270 9401037
270 271 11682326
271 272 8674635
272 273 21220807
273 274 13616235
274 275 19578513
275 276 6451422
276 277 2460826
277 278 8802627
278 279 1483957
279 280 12176008
280 281 16536853
281 282 18186651
282 283 3325756
283 284 12695656
284 285 2896113
285 286 14146003
286 287 7615416
287 288 897495
288 257 0
289 290 9669885
290 291 20728423
291 292 -1006197
292 293 14385076
293 294 -966512
294 295 18728643
295 296 8989761
296 297 -6902361
297 298 891416
298 299 11254823
299 300 2966837
300 301 1468965
301 302 7506785
302 303 6987240
303 304 5944660
304 305 12447496
305 306 14219542
306 307 5243892
307 308 14982743
308 309 7204912
309 310 4987190
310 311 5471573
311 312 12580699
312 313 3549048
313 314 7168264
314 315 3852627
315 316 12028911
316 317 10769610
317 318 1895583
318 319 628768
319 320 1615556
320 289 0
321 322 9115143
322 323 1773980
323 324 3066053
324 325 2809182
325 326 15870445
326 327 4440054
327 328 -3531463
328 329 10770973
329 330 -1676023
330 331 7817528
331 332 7837175
332 333 4448350
333 334 10418345
334 335 -1032423
335 336 10301127
336 337 15209002
337 338 3139304
338 339 11657839
339 340 11353739
340 341 9371149
341 342 26196704
342 343 -8969722
343 344 1631810
344 345 3258489
345 346 8899738
346 347 13040658
347 348 12209823
348 349 -6524890
349 350 8916417
350 351 -6791405
351 352 7547149
352 321 0
353 354 11607196
354 355 1800688
355 356 18780127
356 357 2907636
357 358 4774423
358 359 6245431
359 360 20342733
360 361 13420986
361 362 4466807
362 363 5654743
363 364 22930749
364 365 1756774
365 366 2269541
366 367 14488853
367 368 800490
368 369 13917934
369 370 13168374
370 371 -6788360
371 372 2842945
372 373 14767493
373 374 15188775
374 375 3946351
375 376 6664133
376 377 6266906
377 378 23182759
378 379 5694825
379 380 11472417
380 381 -4101871
381 382 -936168
382 383 3458938
383 384 496386
384 353 0
385 386 8021740
386 387 2154602
387 388 -587876
388 389 -473588
389 390 6886778
390 391 5467824
391 392 -8808189
392 393 8184427
393 394 13771436
394 395 4124321
395 396 -4205183
396 397 3864871
397 398 4908322
398 399 -1771061
399 400 12316134
400 401 13071390
401 402 3635782
402 403 -1245072
403 404 1528451
404 405 852242
405 406 -1067831
406 407 5947775
407 408 -1452833
408 409 -8444689
409 410 12770250
410 411 -2996422
411 412 -1714853
412 413 4148659
413 414 7696117
414 415 14551007
415 416 7066612
416 385 0
417 418 793219
418 419 13826387
419 420 -2424009
420 421 7147097
421 422 4294395
422 423 6782759
423 424 13418982
424 425 4060873
425 426 6618551
426 427 569991
427 428 11386150
428 429 -768020
429 430 4026018
430 431 2872290
431 432 7338789
432 433 5815822
433 434 15643450
434 435 15009497
435 436 8225530
436 437 12075674
437 438 11517812
438 439 -960074
439 440 11095886
440 441 6410214
441 442 1968229
442 443 12984401
443 444 5326634
444 445 5881984
445 446 10298493
446 447 -8436993
447 448 18519963
448 417 0
449 450 9725346
450 451 20701734
451 452 9485063
452 453 11094336
453 454 18578352
454 455 2612553
455 456 8875386
456 457 13151232
457 458 6595951
458 459 5817331
459 460 11161881
460 461 -2708613
461 462 9075851
462 463 4071459
463 464 12114278
464 465 5495654
465 466 1163068
466 467 5011263
467 468 14078839
468 469 9463611
469 470 -2121180
470 471 16111479
471 472 17636214
472 473 -1218179
473 474 3354576
474 475 6052636
475 476 18334960
476 477 13794020
477 478 7377258
478 479 18785773
479 480 18196283
480 449 0
481 482 -1466281
482 483 4611641
483 484 -2304312
484 485 -11783882
485 486 -686584
486 487 -3352574
487 488 6494854
488 489 3316804
489 490 12796646
490 491 11258162
491 492 14919353
492 493 11225080
493 494 12174662
494 495 -4726580
495 496 7042943
496 497 16718294
497 498 -1272400
498 499 15051559
499 500 2888724
500 501 9558802
501 502 2788634
502 503 9071934
503 504 9003072
504 505 12301447
505 506 15602961
506 507 -453120
507 508 7124617
508 509 -764352
509 510 12350315
510 511 16937455
511 512 8542823
512 481 0
513 514 22223011
514 515 13608533
515 516 2447159
516 517 30908229
517 518 7928023
518 519 6780908
519 520 4946365
520 521 27380156
521 522 1406957
522 523 -3751225
523 524 11694488
524 525 3999841
525 526 14881207
526 527 3406043
527 528 10996644
528 529 7303364
529 530 -1868455
530 531 31544329
531 532 -5055422
532 533 -1145514
533 534 -2774883
534 535 20661172
535 536 21984917
536 537 6572052
537 538 9640886
538 539 10118406
539 540 3959912
540 541 20497817
541 542 23448009
542 543 12068635
543 544 21998953
544 513 0
545 546 14142723
546 547 -1937334
547 548 14572143
548 549 15807490
549 550 19091872
550 551 9254504
551 552 10130376
552 553 17022399
553 554 9044251
554 555 5327086
555 556 3387966
556 557 12726707
557 558 15207293
558 559 9190561
559 560 18060166
560 561 -45886
561 562 7405685
562 563 3894901
563 564 9629769
564 565 3831641
565 566 1383482
566 567 8525619
567 568 8073821
568 569 6323778
569 570 12169307
570 571 19992464
571 572 4820614
572 573 -1528658
573 574 26207624
574 575 4657797
575 576 20869589
576 545 0
577 578 6071993
578 579 -446420
579 580 9198388
580 581 12264662
581 582 990272
582 583 6540253
583 584 10168151
584 585 -3739572
585 586 6405527
586 587 9547187
587 588 12336094
588 589 8605798
589 590 9524820
590 591 14426343
591 592 9541725
592 593 22420572
593 594 16084174
594 595 5964362
595 596 8745386
596 597 1248226
597 598 8493290
598 599 8335409
599 600 7896038
600 601 -2834787
601 602 10550489
602 603 14342070
603 604 1105119
604 605 10635015
605 606 1758887
606 607 20596621
607 608 -10210942
608 577 0
609 610 -4249953
610 611 13543327
611 612 -1960856
612 613 2568655
613 614 -176169
614 615 909355
615 616 14732912
616 617 541549
617 618 4146937
618 619 1266374
619 620 -217134
620 621 2128380
621 622 13407596
622 623 11674294
623 624 6283252
624 625 3867782
625 626 8316239
626 627 3369032
627 628 -1788683
628 629 15018080
629 630 1630990
630 631 725660
631 632 -6342580
632 633 -449151
633 634 -3108844
634 635 11807297
635 636 27403580
636 637 12622952
637 638 -452619
638 639 4542357
639 640 13728966
640 609 0
641 642 8226959
642 643 9479531
643 644 2846601
644 645 13294995
645 646 26107923
646 647 1044408
647 648 -6169685
648 649 7017250
649 650 8533412
650 651 11886307
651 652 23267562
652 653 -431029
653 654 -5373610
654 655 -1306273
655 656 862719
656 657 5819955
657 658 -5305130
658 659 2188586
659 660 -708509
660 661 2595040
661 662 6993485
662 663 -644317
663 664 7193387
664 665 -700542
665 666 -2142808
666 667 -2300418
667 668 -7592339
668 669 22016657
669 670 23724394
670 671 17179389
671 672 8074171
672 641 0
673 674 445445
674 675 -5832800
675 676 23010175
676 677 3149225
677 678 11630405
678 679 8119142
679 680 2950723
680 681 15446724
681 682 -10000795
682 683 5127377
683 684 -4783354
684 685 4730853
685 686 18371022
686 687 1015325
687 688 1834318
688 689 -2352091
689 690 9704327
690 691 -4701504
691 692 16774804
692 693 12433020
693 694 9032014
694 695 2981033
695 696 -2807992
696 697 7524518
697 698 -3744846
698 699 -601059
699 700 2696122
700 701 1993758
701 702 3344909
702 703 -5030266
703 704 7191065
704 673 0
705 706 6881832
706 707 3589131
707 708 8197114
708 709 294952
709 710 7171003
710 711 4759097
711 712 -372142
712 713 1473111
713 714 8063920
714 715 3631300
715 716 12350040
716 717 -2706992
717 718 12134685
718 719 5679739
719 720 12715179
720 721 11155491
721 722 -10726977
722 723 4113109
723 724 4810410
724 725 4116537
725 726 4001332
726 727 20880898
727 728 11027385
728 729 7498874
729 730 8652648
730 731 10287777
731 732 9193132
732 733 20277630
733 734 21802824
734 735 2102859
735 736 2593705
736 705 0
737 738 1885017
738 739 3186620
739 740 15786392
740 741 10379512
741 742 4084856
742 743 5519952
743 744 6952053
744 745 18585644
745 746 7737279
746 747 17251776
747 748 -593533
748 749 -7096098
749 750 -4073179
750 751 4407312
751 752 -8849038
752 753 6214917
753 754 27228735
754 755 -4295182
755 756 17031694
756 757 -1839943
757 758 4125854
758 759 5696186
759 760 -37351
760 761 14506592
761 762 -1995049
762 763 5408797
763 764 -1071623
764 765 1498382
765 766 666516
766 767 14813283
767 768 8654997
768 737 0
769 770 1156887
770 771 1892982
771 772 -2353790
772 773 1584691
773 774 2294579
774 775 14229270
775 776 11004570
776 777 5878688
777 778 -540918
778 779 494246
779 780 -1184113
780 781 9994351
781 782 11865524
782 783 5256792
783 784 4988561
784 785 3660340
785 786 7468370
786 787 -1431620
787 788 11402797
788 789 5120507
789 790 10859937
790 791 3002098
791 792 3964313
792 793 -7533915
793 794 1121269
794 795 2599213
795 796 931338
796 797 8689477
797 798 5225824
798 799 -4161261
799 800 -1955975
800 769 0
801 802 4962917
802 803 15882400
803 804 -4557474
804 805 18362143
805 806 13397353
806 807 6742935
807 808 5718819
808 809 2621350
809 810 2222707
810 811 18034779
811 812 30180390
812 813 4504376
813 814 12280136
814 815 11740248
815 816 1298638
816 817 4334380
817 818 6143923
818 819 3124170
819 820 8384766
820 821 -5723431
821 822 -2733275
822 823 16873038
823 824 10176277
824 825 2008567
825 826 -2678574
826 827 3991395
827 828 3727585
828 829 11860534
829 830 -15706628
830 831 12150489
831 832 8757620
832 801 0
833 834 -7245471
834 835 30255730
835 836 16475613
836 837 12520413
837 838 5763542
838 839 1727858
839 840 -1323268
840 841 10384479
841 842 838602
842 843 17727354
843 844 -2895852
844 845 5069266
845 846 3007585
846 847 8852683
847 848 13950677
848 849 2191577
849 850 -4359710
850 851 7346064
851 852 -5782789
852 853 6469325
853 854 12244853
854 855 7257437
855 856 7679337
856 857 -828963
857 858 6316364
858 859 86769
859 860 7097310
860 861 -552757
861 862 23501006
862 863 12004682
863 864 3533799
864 833 0
865 866 3157061
866 867 5239629
867 868 6816269
868 869 4063618
869 870 5591729
870 871 6752547
871 872 4736391
872 873 2985416
873 874 2470792
874 875 15760243
875 876 10033791
876 877 476997
877 878 273320
878 879 9498204
879 880 4484833
880 881 -752674
881 882 8428647
882 883 18429251
883 884 8335050
884 885 5992100
885 886 746100
886 887 2640066
887 888 13283837
888 889 12025023
889 890 856608
890 891 -823034
891 892 -2020282
892 893 85407
893 894 7057982
894 895 3374326
895 896 -3264394
896 865 0
897 898 1936754
898 899 10475459
899 900 12060702
900 901 11003299
901 902 21120642
902 903 -10789670
903 904 4435183
904 905 10441631
905 906 12529168
906 907 6779354
907 908 5635284
908 909 5182532
909 910 -708879
910 911 -1530677
911 912 20089079
912 913 10334851
913 914 19720615
914 915 16197132
915 916 4578177
916 917 6552856
917 918 2182189
918 919 7111632
919 920 11154194
920 921 124502
921 922 11047294
922 923 -607115
923 924 9491236
924 925 12831710
925 926 15447819
926 927 -273993
927 928 13148795
928 897 0
929 930 7217431
930 931 5720119
931 932 -5577816
932 933 7806337
933 934 -7904909
934 935 8003783
935 936 1861580
936 937 7743992
937 938 -1468584
938 939 18738405
939 940 887409
940 941 9492781
941 942 -2016670
942 943 1890529
943 944 857686
944 945 424782
945 946 9301435
946 947 10100130
947 948 12509450
948 949 16490284
949 950 6878360
950 951 1006607
951 952 -3187563
952 953 18599742
953 954 2410797
954 955 7907705
955 956 1509436
956 957 3112016
957 958 14484388
958 959 4859390
959 960 17415314
960 929 0
961 962 9584088
962 963 1790843
963 964 10226164
964 965 8716781
965 966 16064495
966 967 -88312
967 968 8777775
968 969 6575833
969 970 -471956
970 971 11415956
971 972 22323346
972 973 2466525
973 974 15459451
974 975 7666490
975 976 -16159310
976 977 4189364
977 978 4908771
978 979 17378354
979 980 7841376
980 981 11603560
981 982 5896521
982 983 10181001
983 984 11333602
984 985 -6749813
985 986 10867496
986 987 -7170646
987 988 11892297
988 989 7953628
989 990 5300844
990 991 9625688
991 992 2556654
992 961 0
993 994 794028
994 995 4209753
995 996 13519489
996 997 17934367
997 998 12048933
998 999 4598807
999 1000 2945073
1000 1001 -821926
1001 1002 5441489
1002 1003 19837244
1003 1004 12342176
1004 1005 3969201
1005 1006 -145517
1006 1007 29763316
1007 1008 5101173
1008 1009 3912565
1009 1010 10334021
1010 1011 4807916
1011 1012 9431036
1012 1013 20899930
1013 1014 3630358
1014 1015 3308243
1015 1016 -737897
1016 1017 19938370
1017 1018 -521388
1018 1019 14059233
1019 1020 7043774
1020 1021 6423120
1021 1022 7844339
1022 1023 13753887
1023 1024 4402769
1024 993 0
1 33 4229656
2 34 6833062
3 35 -4737447
4 36 8960843
5 37 8080433
6 38 -3905383
7 39 -3599179
8 40 13546708
9 41 5348386
10 42 932103
11 43 13651891
12 44 4456897
13 45 -7080861
14 46 21375436
15 47 13637988
16 48 -6112533
17 49 6472623
18 50 12312468
19 51 -6220077
20 52 20782228
21 53 -634287
22 54 -5597
23 55 7169099
24 56 5168577
25 57 1928249
26 58 35850945
27 59 4818439
28 60 16993476
29 61 3034805
30 62 12569293
31 63 1729828
32 64 3745080
33 65 1488493
34 66 24530092
35 67 11834256
36 68 14394
37 69 23277605
38 70 2111642
39 71 9544179
40 72 8249550
41 73 13633550
42 74 21309524
43 75 11020497
44 76 1854565
45 77 10130134
46 78 -3674474
47 79 447378
48 80 7684657
49 81 1346760
50 82 2427808
51 83 2622076
52 84 7630008
53 85 -833679
54 86 7407229
55 87 16608985
56 88 -6878722
57 89 17277718
58 90 4625152
59 91 12021059
60 92 2458007
61 93 7708135
62 94 1226710
63 95 12944994
64 96 4956266
65 97 5693391
66 98 14388711
67 99 1368056
68 100 -7113051
69 101 14600841
70 102 10009710
71 103 12800781
72 104 27820173
73 105 10421869
74 106 17140176
75 107 9608791
76 108 -17160345
77 109 24681058
78 110 18504475
79 111 1411984
80 112 -7862430
81 113 9591286
82 114 7131681
83 115 -3974576
84 116 -3274695
85 117 15165178
86 118 22941186
87 119 9656788
88 120 -4247629
89 121 7942485
90 122 14804357
91 123 19992954
92 124 12565867
93 125 1841091
94 126 8779823
95 127 10552450
96 128 27838343
97 129 1217406
98 130 10293424
99 131 22087927
100 132 3829405
101 133 3416859
102 134 14899364
103 135 9360825
104 136 16992906
105 137 12498741
106 138 -5229963
107 139 4074398
108 140 -5226304
109 141 2411432
110 142 7180574
111 143 -3707829
112 144 9594187
113 145 9425909
114 146 16551128
115 147 15230408
116 148 2956719
117 149 866310
118 150 -13510194
119 151 6720741
120 152 5969477
121 153 24830
122 154 3415527
123 155 -360352
124 156 4735517
125 157 2940958
126 158 -3138202
127 159 12999418
128 160 6041008
129 161 6595270
130 162 12067111
131 163 4828299
132 164 1421233
133 165 9793812
134 166 -1101666
135 167 4049284
136 168 15882636
137 169 3698284
138 170 -906751
139 171 8920733
140 172 12936170
141 173 16632308
142 174 6359226
143 175 9565399
144 176 7426631
145 177 14848983
146 178 4133519
147 179 10276265
148 180 1162710
149 181 5970147
150 182 668052
151 183 2958735
152 184 5873334
153 185 9987768
154 186 10273026
155 187 2912800
156 188 9159652
157 189 9513343
158 190 11843432
159 191 1879626
160 192 -1317632
161 193 -4185530
162 194 6221729
163 195 -544720
164 196 1708555
165 197 24399593
166 198 6808544
167 199 5995457
168 200 14058196
169 201 1590598
170 202 12209140
171 203 16359017
172 204 3331486
173 205 -2513033
174 206 13661876
175 207 2738019
176 208 8700292
177 209 3961932
178 210 -1175043
179 211 7081949
180 212 19037727
181 213 1750444
182 214 11895597
183 215 1967236
184 216 -984572
185 217 7431852
186 218 7068372
187 219 15287958
188 220 5777892
189 221 3002256
190 222 19361329
191 223 824410
192 224 1878849
193 225 10889498
194 226 15276021
195 227 -2396790
196 228 15463592
197 229 895347
198 230 -1800595
199 231 6373812
200 232 -3873823
201 233 7611053
202 234 19608412
203 235 6338675
204 236 17797280
205 237 -317250
206 238 10120781
207 239 13978626
208 240 7474191
209 241 2335725
210 242 4899867
211 243 9930187
212 244 5241927
213 245 10044279
214 246 5114136
215 247 4962264
216 248 5995755
217 249 16584203
218 250 6450879
219 251 10739877
220 252 1035025
221 253 6619518
222 254 14953903
223 255 12009447
224 256 -443346
225 257 2498908
226 258 -3429883
227 259 3142586
228 260 14904211
229 261 20328
230 262 9629862
231 263 21598516
232 264 7014135
233 265 10727497
234 266 9455164
235 267 -418686
236 268 7525212
237 269 -4869970
238 270 12507109
239 271 14156731
240 272 -2988248
241 273 7824980
242 274 4059883
243 275 23906968
244 276 8544191
245 277 -532062
246 278 4366350
247 279 6772876
248 280 12896453
249 281 5509012
250 282 23167393
251 283 2465588
252 284 9529911
253 285 -7029765
254 286 226897
255 287 4432653
256 288 3345613
257 289 4920321
258 290 17342542
259 291 8750344
260 292 5483498
261 293 18305328
262 294 2147394
263 295 5559849
264 296 16272507
265 297 3698832
266 298 -4134483
267 299 11769976
268 300 13272783
269 301 -2013402
270 302 4605991
271 303 -170889
272 304 18362841
273 305 -4432736
274 306 -9031820
275 307 -10304047
276 308 4641018
277 309 12735342
278 310 10615463
279 311 12234376
280 312 2307932
281 313 -4730571
282 314 10463094
283 315 -4732619
284 316 20642675
285 317 6269649
286 318 6621365
287 319 18797819
288 320 6271077
289 321 3146562
290 322 16891372
291 323 11184478
292 324 8144730
293 325 6401379
294 326 -3105412
295 327 11818310
296 328 633296
297 329 6017458
298 330 17129605
299 331 2249836
300 332 -5751522
301 333 5458552
302 334 1548337
303 335 -2327463
304 336 5574255
305 337 11052292
306 338 -310938
307 339 2881054
308 340 11353892
309 341 16742761
310 342 5092816
311 343 6861272
312 344 -3060009
313 345 4844013
314 346 25482575
315 347 9609933
316 348 9678019
317 349 7814744
318 350 7640325
319 351 650575
320 352 11363094
321 353 9845236
322 354 1863512
323 355 -2541986
324 356 -9568579
325 357 15775662
326 358 6909445
327 359 172640
328 360 24817995
329 361 7774529
330 362 10322595
331 363 6121071
332 364 12207733
333 365 401951
334 366 24712617
335 367 -3282099
336 368 16320807
337 369 12889151
338 370 12366798
339 371 9874898
340 372 1940068
341 373 5091568
342 374 14674177
343 375 2205154
344 376 3286407
345 377 4041370
346 378 1891967
347 379 13937659
348 380 9514034
349 381 -1979087
350 382 27757866
351 383 9909985
352 384 10875404
353 385 23820729
354 386 277463
355 387 20342230
356 388 16461493
357 389 3752077
358 390 15520318
359 391 3922712
360 392 6282346
361 393 11241452
362 394 14186034
363 395 11278870
364 396 5562869
365 397 -1987642
366 398 3896239
367 399 12547605
368 400 -8854191
369 401 18792278
370 402 1887257
371 403 3703969
372 404 -1153438
373 405 13064799
374 406 17862879
375 407 1270943
376 408 13686564
377 409 7017025
378 410 16356466
379 411 13935067
380 412 19596790
381 413 28294860
382 414 -1021756
383 415 5066815
384 416 8759349
385 417 1224914
386 418 4124649
387 419 13563333
388 420 2522014
389 421 -10862
390 422 4970894
391 423 520905
392 424 521731
393 425 19366859
394 426 1830611
395 427 9609416
396 428 1681661
397 429 9765670
398 430 -1028642
399 431 11923696
400 432 2131178
401 433 -9048214
402 434 2343814
403 435 20329452
404 436 3469260
405 437 3579085
406 438 -111362
407 439 673548
408 440 2432375
409 441 13030964
410 442 -723646
411 443 7880147
412 444 14724718
413 445 11697651
414 446 12030414
415 447 9515498
416 448 -12201443
417 449 1321006
418 450 5936169
419 451 4286405
420 452 -3648419
421 453 6827531
422 454 -4147119
423 455 -139502
424 456 7154961
425 457 6655388
426 458 9631820
427 459 862440
428 460 4074984
429 461 7467638
430 462 6985683
431 463 8605323
432 464 -6373363
433 465 10295384
434 466 7864714
435 467 -7763829
436 468 3209862
437 469 892291
438 470 10317942
439 471 6336209
440 472 -60604
441 473 9392095
442 474 8622334
443 475 13292637
444 476 1727434
445 477 -4497238
446 478 12979468
447 479 11051330
448 480 29398490
449 481 9531999
450 482 2065048
451 483 11327069
452 484 4452272
453 485 12584222
454 486 12731973
455 487 6364206
456 488 9586678
457 489 18417529
458 490 8809977
459 491 -1203250
460 492 13735276
461 493 9130134
462 494 -2263163
463 495 19452704
464 496 1653752
465 497 -1489270
466 498 11853550
467 499 11534039
468 500 -1013406
469 501 10745588
470 502 4382608
471 503 -8307701
472 504 6356675
473 505 4625307
474 506 11711440
475 507 19121769
476 508 -2281836
477 509 26337525
478 510 11003669
479 511 1798960
480 512 1540256
481 513 1780420
482 514 7356390
483 515 1604385
484 516 17851046
485 517 10469037
486 518 6797290
487 519 -1028076
488 520 6352103
489 521 -636226
490 522 4927218
491 523 11581970
492 524 7643554
493 525 13361527
494 526 15238304
495 527 5965454
496 528 -2299117
497 529 21058328
498 530 2642545
499 531 17968943
500 532 7473839
501 533 9705668
502 534 1323040
503 535 -2635835
504 536 -5234033
505 537 20172355
506 538 7442674
507 539 -3363476
508 540 11851259
509 541 1584791
510 542 12756885
511 543 2724624
512 544 -7124241
513 545 -1742880
514 546 -520458
515 547 10496831
516 548 3198493
517 549 4942420
518 550 -157747
519 551 -5129851
520 552 188529
521 553 3667822
522 554 4084476
523 555 -3801276
524 556 4830028
525 557 -11087075
526 558 15451504
527 559 -4880490
528 560 4849405
529 561 8709101
530 562 6138356
531 563 -5215800
532 564 16492775
533 565 6842843
534 566 3830561
535 567 -544425
536 568 19384389
537 569 -1472287
538 570 16229468
539 571 -10460840
540 572 2122293
541 573 -5074935
542 574 20365569
543 575 -270453
544 576 -6264282
545 577 3342960
546 578 4945799
547 579 10160815
548 580 -3589763
549 581 11404262
550 582 1585606
551 583 10272583
552 584 5163349
553 585 -1735152
554 586 18538586
555 587 13343716
556 588 -4482016
557 589 20095669
558 590 6392949
559 591 -4539660
560 592 1371998
561 593 6428648
562 594 20153947
563 595 -1887570
564 596 1583440
565 597 7615337
566 598 5258728
567 599 2043115
568 600 19049788
569 601 -787834
570 602 -5331570
571 603 13865962
572 604 5044136
573 605 5510815
574 606 17778854
575 607 4551593
576 608 4654754
577 609 16502112
578 610 3200274
579 611 3892873
580 612 2496948
581 613 10077567
582 614 -1128076
583 615 1547990
584 616 15220575
585 617 14004837
586 618 -1624025
587 619 18781028
588 620 7697735
589 621 -3397800
590 622 -1578554
591 623 8779150
592 624 -13199810
593 625 2887467
594 626 -414160
595 627 2071576
596 628 14032611
597 629 6883406
598 630 2786271
599 631 4147110
600 632 7890270
601 633 13826151
602 634 2405257
603 635 10352759
604 636 10315957
605 637 -599714
606 638 -5420217
607 639 2458525
608 640 11483215
609 641 7531989
610 642 -754395
611 643 4152014
612 644 8681697
613 645 13140249
614 646 6510278
615 647 9290320
616 648 10295284
617 649 -3386998
618 650 5116352
619 651 3048317
620 652 -3666344
621 653 4795059
622 654 141792
623 655 5866955
624 656 12905283
625 657 8874673
626 658 257963
627 659 10363013
628 660 13041491
629 661 9080992
630 662 4617349
631 663 13661863
632 664 8932130
633 665 28262258
634 666 8576861
635 667 11167278
636 668 1133022
637 669 24560274
638 670 12812780
639 671 7913073
640 672 14471028
641 673 10793753
642 674 14493594
643 675 4469495
644 676 -1914416
645 677 6914145
646 678 -4324071
647 679 -57536
648 680 -2595991
649 681 17474675
650 682 -6780844
651 683 7042016
652 684 7779439
653 685 11792589
654 686 10623406
655 687 3290066
656 688 11576125
657 689 11293356
658 690 5321998
659 691 14895430
660 692 -7049919
661 693 8893192
662 694 4138016
663 695 6088196
664 696 7296089
665 697 12271707
666 698 6798961
667 699 11102205
668 700 14731711
669 701 3241154
670 702 639425
671 703 735978
672 704 4664816
673 705 6750439
674 706 12737183
675 707 -2994412
676 708 6027174
677 709 4548728
678 710 -1412179
679 711 656320
680 712 15037344
681 713 4244189
682 714 15363646
683 715 2503194
684 716 31745237
685 717 14795422
686 718 15401438
687 719 3045849
688 720 13057349
689 721 4888966
690 722 17174556
691 723 12280152
692 724 -628330
693 725 19031405
694 726 -14405
695 727 14987280
696 728 18507356
697 729 1574913
698 730 993649
699 731 9669618
700 732 -2184641
701 733 9675762
702 734 4590682
703 735 938824
704 736 15017825
705 737 16263681
706 738 9806164
707 739 -1599549
708 740 8341421
709 741 13725692
710 742 8828559
711 743 8225252
712 744 10260618
713 745 -2269807
714 746 14218249
715 747 6903460
716 748 4962194
717 749 -1770281
718 750 9027977
719 751 8827068
720 752 4056512
721 753 10435523
722 754 10153568
723 755 -1146203
724 756 7504972
725 757 -528090
726 758 6402589
727 759 7104677
728 760 11704732
729 761 -7593354
730 762 16599809
731 763 4521414
732 764 15047701
733 765 15588135
734 766 3085165
735 767 11126993
736 768 7225091
737 769 726274
738 770 4508337
739 771 8230010
740 772 30345868
741 773 -1593765
742 774 -16139979
743 775 8874342
744 776 8026412
745 777 3738775
746 778 11943241
747 779 8491881
748 780 9480029
749 781 24053199
750 782 10260168
751 783 -2450900
752 784 16757483
753 785 -445415
754 786 4547290
755 787 21368863
756 788 11234678
757 789 4268763
758 790 13660015
759 791 5946534
760 792 4476736
761 793 12440579
762 794 3176209
763 795 -1992389
764 796 10566096
765 797 20650890
766 798 11129791
767 799 22781188
768 800 12083797
769 801 16004458
770 802 15614447
771 803 1528185
772 804 20480402
773 805 4837419
774 806 8044689
775 807 7589449
776 808 7875745
777 809 4938400
778 810 19311231
779 811 722562
780 812 6371092
781 813 -7666588
782 814 15540700
783 815 4075725
784 816 10732039
785 817 -2455453
786 818 9379457
787 819 6522308
788 820 7944792
789 821 19180549
790 822 9264336
791 823 6637373
792 824 5047083
793 825 15933247
794 826 -1900251
795 827 15207653
796 828 1282040
797 829 12661360
798 830 4676804
799 831 19619440
800 832 -5585229
801 833 6544281
802 834 14350668
803 835 -8957908
804 836 -2880705
805 837 14044852
806 838 4793385
807 839 18106445
808 840 -4698267
809 841 16505188
810 842 -229039
811 843 -232506
812 844 4766083
813 845 8070488
814 846 -2416092
815 847 1159614
816 848 26456646
817 849 8922188
818 850 6892340
819 851 9191972
820 852 1849333
821 853 1960920
822 854 4551913
823 855 1848632
824 856 14365091
825 857 36636030
826 858 12011006
827 859 12896698
828 860 -2347998
829 861 6952539
830 862 27088101
831 863 5200876
832 864 -1431242
833 865 17149832
834 866 1280219
835 867 2661645
836 868 19851482
837 869 9009241
838 870 -1556768
839 871 4219331
840 872 10105140
841 873 25448827
842 874 -1796139
843 875 7010233
844 876 127083
845 877 10306287
846 878 21620820
847 879 3690805
848 880 1413969
849 881 2606401
850 882 3906378
851 883 16559877
852 884 1741945
853 885 16682817
854 886 1183782
855 887 5265279
856 888 547346
857 889 5546905
858 890 25614046
859 891 4909191
860 892 8325095
861 893 17240251
862 894 18458385
863 895 2092264
864 896 11792402
865 897 4382013
866 898 7291139
867 899 23627097
868 900 15539166
869 901 8877528
870 902 13969316
871 903 1274533
872 904 3156930
873 905 -3068559
874 906 15981502
875 907 5998152
876 908 3825981
877 909 6322810
878 910 6512365
879 911 -5742863
880 912 8443441
881 913 11021093
882 914 -852554
883 915 -445148
884 916 -2475707
885 917 3423753
886 918 6920792
887 919 20319
888 920 7626062
889 921 3295767
890 922 8403596
891 923 4269823
892 924 11449200
893 925 16759433
894 926 -6782049
895 927 -232421
896 928 4079609
897 929 11239874
898 930 2576404
899 931 -7577356
900 932 6506922
901 933 -1090322
902 934 12741039
903 935 17538794
904 936 12269469
905 937 3858458
906 938 1910109
907 939 1604111
908 940 12323580
909 941 -1104441
910 942 10166402
911 943 8005295
912 944 25749120
913 945 5850988
914 946 -410381
915 947 733239
916 948 10857553
917 949 16482093
918 950 15745898
919 951 2260021
920 952 13126905
921 953 7696628
922 954 12968561
923 955 13439840
924 956 9859577
925 957 -7211057
926 958 7476657
927 959 17533225
928 960 931420
929 961 10907519
930 962 1673927
931 963 9054905
932 964 4602514
933 965 7616697
934 966 2270149
935 967 4722445
936 968 2819106
937 969 -6389619
938 970 -10932291
939 971 9270831
940 972 10980091
941 973 3279643
942 974 9692712
943 975 10363334
944 976 12525163
945 977 21091790
946 978 -1925552
947 979 -8918025
948 980 5469167
949 981 2955013
950 982 16808568
951 983 10069543
952 984 707860
953 985 9355082
954 986 11275152
955 987 5803774
956 988 8434627
957 989 10405259
958 990 -8407178
959 991 6843648
960 992 5849545
961 993 6106311
962 994 6035364
963 995 13620083
964 996 8381085
965 997 -17443162
966 998 10836904
967 999 9352721
968 1000 7110127
969 1001 8135492
970 1002 12973790
971 1003 6844128
972 1004 8180992
973 1005 7896857
974 1006 -283602
975 1007 5036824
976 1008 13638169
977 1009 7506128
978 1010 16735468
979 1011 -5482110
980 1012 22290404
981 1013 -1727465
982 1014 6644475
983 1015 20431718
984 1016 8400277
985 1017 11433080
986 1018 10952165
987 1019 -3137488
988 1020 19982159
989 1021 18393390
990 1022 5564490
991 1023 1992829
992 1024 10933114
993 1 0
994 2 0
995 3 0
996 4 0
997 5 0
998 6 0
999 7 0
1000 8 0
1001 9 0
1002 10 0
1003 11 0
1004 12 0
1005 13 0
1006 14 0
1007 15 0
1008 16 0
1009 17 0
1010 18 0
1011 19 0
1012 20 0
1013 21 0
1014 22 0
1015 23 0
1016 24 0
1017 25 0
1018 26 0
1019 27 0
1020 28 0
1021 29 0
1022 30 0
1023 31 0
1024 32 0
