1 2 7172901
2 3 10727756
3 4 1167458
4 5 20675092
5 6 8532734
6 7 3731136
7 8 3904285
8 9 4219903
9 10 -2454600
10 11 3522333
11 12 -3055941
12 13 18841454
13 14 6356654
14 15 10442510
15 16 27640041
16 17 1907330
17 18 3959805
18 19 5899692
19 20 6421365
20 21 -2096223
21 22 1874555
22 23 4203620
23 24 10757194
24 25 7694917
25 26 10650674
26 27 -2862806
27 28 4165189
28 29 7286961
29 30 12864216
30 31 1746768
31 32 18746935
32 1 0
33 34 8493778
34 35 -6622031
35 36 12603981
36 37 10809644
37 38 1787268
38 39 13304816
39 40 -44932
40 41 6129953
41 42 14342033
42 43 22233648
43 44 6780011
44 45 -5752674
45 46 8802621
46 47 12688587
47 48 11250487
48 49 13054610
49 50 -3027202
50 51 1045225
51 52 1274477
52 53 600519
53 54 -809847
54 55 11664294
55 56 -3675915
56 57 11992324
57 58 12428514
58 59 24648719
59 60 219312
60 61 5173600
61 62 4372085
62 63 5281892
63 64 7954627
64 33 0
65 66 6643687
66 67 7403180
67 68 9734569
68 69 4605418
69 70 11169185
70 71 8085724
71 72 -4770565
72 73 9319912
73 74 5009251
74 75 132797
75 76 2278436
76 77 9938353
77 78 -5298478
78 79 15212977
79 80 1437447
80 81 3667638
81 82 10330933
82 83 -4861242
83 84 3201730
84 85 -1333469
85 86 17036277
86 87 13719455
87 88 4607663
88 89 10207929
89 90 9862995
90 91 10756660
91 92 3835613
92 93 3005253
93 94 -1404909
94 95 13581380
95 96 -2612020
96 65 0
97 98 12717336
98 99 6818096
99 100 5344330
100 101 18801797
101 102 2510530
102 103 4032191
103 104 16849939
104 105 2520232
105 106 3280730
106 107 2403397
107 108 3220898
108 109 10044538
109 110 282106
110 111 3966068
111 112 1831511
112 113 3453508
113 114 7216973
114 115 17638458
115 116 6421502
116 117 -5533979
117 118 6716592
118 119 1851457
119 120 -8283201
120 121 1528536
121 122 -208952
122 123 13977657
123 124 3575723
124 125 -790677
125 126 12302368
126 127 12894874
127 128 12106135
128 97 0
129 130 -3434734
130 131 14072423
131 132 6050986
132 133 1091850
133 134 -1014235
134 135 5152525
135 136 9700835
136 137 11833005
137 138 -1513999
138 139 6242828
139 140 -2095388
140 141 27907636
141 142 12990638
142 143 22558269
143 144 5199024
144 145 12703184
145 146 21529392
146 147 -7621395
147 148 9710070
148 149 17816678
149 150 6562607
150 151 119528
151 152 -1394327
152 153 16041110
153 154 23446744
154 155 5094737
155 156 13190140
156 157 10190175
157 158 13920928
158 159 -8940672
159 160 -2646095
160 129 0
161 162 7970829
162 163 20064506
163 164 -1436883
164 165 -10121327
165 166 11825726
166 167 4339087
167 168 464201
168 169 12618237
169 170 4766353
170 171 7729875
171 172 23864726
172 173 -10864879
173 174 16456051
174 175 4540644
175 176 22770540
176 177 453815
177 178 14385912
178 179 6020561
179 180 -9608506
180 181 -1194573
181 182 10323217
182 183 7880895
183 184 4423399
184 185 -2481903
185 186 -8745701
186 187 1752880
187 188 9261688
188 189 11884051
189 190 3978246
190 191 -3535206
191 192 9898999
192 161 0
193 194 9876530
194 195 11283342
195 196 11448295
196 197 4968175
197 198 -5025086
198 199 5453060
199 200 30389816
200 201 1672257
201 202 -7839957
202 203 7187611
203 204 2824388
204 205 -2552992
205 206 22116
206 207 860081
207 208 5092235
208 209 3439614
209 210 4992668
210 211 6269924
211 212 4636731
212 213 7956059
213 214 3994566
214 215 -2493658
215 216 -7860404
216 217 8447518
217 218 18020102
218 219 5754594
219 220 9375118
220 221 3688533
221 222 15317851
222 223 3970926
223 224 8570142
224 193 0
225 226 1071826
226 227 14166237
227 228 10257094
228 229 17573936
229 230 2400157
230 231 9522719
231 232 448745
232 233 14701972
233 234 5420353
234 235 26496939
235 236 13846985
236 237 12666390
237 238 7404605
238 239 4146625
239 240 12125390
240 241 6836740
241 242 19758977
242 243 6020011
243 244 9114980
244 245 -3810006
245 246 7307056
246 247 -2003346
247 248 18612136
248 249 5577272
249 250 15475384
250 251 6341282
251 252 -2069033
252 253 -4048415
253 254 -585520
254 255 21672460
255 256 -1996774
256 225 0
257 258 2839652
258 259 8194684
259 260 -1026835
260 261 4995544
261 262 9383769
262 263 11162479
263 264 -6459068
264 265 8321591
265 266 13710862
266 267 1358435
267 268 25699370
268 269 13410589
269 270 -4175439
270 271 13870161
271 272 13960137
272 273 8745339
273 274 7853215
274 275 -1025593
275 276 8426221
276 277 5556340
277 278 5930428
278 279 20647535
279 280 18922693
280 281 13429114
281 282 15385400
282 283 7418832
283 284 4630497
284 285 5547109
285 286 3470538
286 287 7366174
287 288 24725
288 257 0
289 290 -341305
290 291 9416085
291 292 234210
292 293 5150898
293 294 11201968
294 295 -5534626
295 296 11799571
296 297 16593947
297 298 8009372
298 299 6033811
299 300 14138860
300 301 1382832
301 302 7268143
302 303 -5438210
303 304 -1437903
304 305 19265851
305 306 1975789
306 307 9959936
307 308 -996604
308 309 9094497
309 310 8120311
310 311 3416652
311 312 -5044281
312 313 20439864
313 314 2767105
314 315 20041745
315 316 10897728
316 317 -2505746
317 318 2228044
318 319 3735582
319 320 8721201
320 289 0
321 322 13767062
322 323 14671512
323 324 7060058
324 325 5697193
325 326 5293015
326 327 9854216
327 328 9361508
328 329 -3772529
329 330 2886264
330 331 22106118
331 332 -1647683
332 333 2301411
333 334 7616892
334 335 9139221
335 336 8897998
336 337 5795768
337 338 6861383
338 339 7289740
339 340 -981370
340 341 6078324
341 342 3941895
342 343 12380875
343 344 -4398098
344 345 8491986
345 346 8674434
346 347 2474774
347 348 -7289083
348 349 2156803
349 350 397613
350 351 12750531
351 352 -703259
352 321 0
353 354 9075682
354 355 8078708
355 356 2172442
356 357 -11998639
357 358 5500117
358 359 4401169
359 360 -5795084
360 361 -2260798
361 362 9362856
362 363 -3794180
363 364 12236204
364 365 6926445
365 366 7812888
366 367 3116807
367 368 -2286049
368 369 10037878
369 370 1947356
370 371 16037731
371 372 2128635
372 373 2038559
373 374 -81349
374 375 11616772
375 376 364860
376 377 12067240
377 378 12107756
378 379 6059555
379 380 10902625
380 381 2371952
381 382 4290127
382 383 12071940
383 384 2427129
384 353 0
385 386 5698097
386 387 9924033
387 388 14797050
388 389 9545511
389 390 -5636187
390 391 1185922
391 392 4071467
392 393 10724953
393 394 6322977
394 395 34796237
395 396 9336479
396 397 12937030
397 398 5883498
398 399 -2979642
399 400 28221959
400 401 9751562
401 402 5775020
402 403 9835797
403 404 4708567
404 405 9157577
405 406 -3489552
406 407 14652842
407 408 2556719
408 409 9344487
409 410 12385466
410 411 9650922
411 412 23575516
412 413 17359302
413 414 -158342
414 415 17559635
415 416 2847287
416 385 0
417 418 13808170
418 419 379520
419 420 758345
420 421 2664337
421 422 15611776
422 423 13904441
423 424 -1931383
424 425 19488130
425 426 12249661
426 427 20115633
427 428 6661520
428 429 -362108
429 430 14077827
430 431 493682
431 432 -4007232
432 433 8523085
433 434 1903466
434 435 7997300
435 436 6597131
436 437 4345669
437 438 -479045
438 439 10456272
439 440 11331237
440 441 14254716
441 442 3993195
442 443 -903932
443 444 5970305
444 445 6455883
445 446 11671318
446 447 1085354
447 448 5651249
448 417 0
449 450 8777107
450 451 -2112824
451 452 3537754
452 453 2631484
453 454 -249217
454 455 18221867
455 456 23462917
456 457 1806672
457 458 11822907
458 459 2434233
459 460 708263
460 461 1040510
461 462 22198811
462 463 5401007
463 464 4211209
464 465 -7238475
465 466 11182674
466 467 8700216
467 468 32866317
468 469 17015125
469 470 2397578
470 471 8114255
471 472 1907021
472 473 21715601
473 474 12718274
474 475 4820504
475 476 12158146
476 477 1337096
477 478 -4474313
478 479 -3427151
479 480 -2399245
480 449 0
481 482 7441737
482 483 4657857
483 484 2373885
484 485 7081587
485 486 13733686
486 487 2707494
487 488 4494531
488 489 23796979
489 490 6740747
490 491 -3918379
491 492 -10630785
492 493 26518293
493 494 10724866
494 495 13208454
495 496 62442
496 497 -4823962
497 498 -1290247
498 499 1650896
499 500 -4373425
500 501 8472556
501 502 15675305
502 503 5030892
503 504 7814164
504 505 -19105201
505 506 10404699
506 507 9852818
507 508 19545115
508 509 8792792
509 510 10738566
510 511 13256972
511 512 5535387
512 481 0
513 514 14192190
514 515 -3235092
515 516 496693
516 517 4275932
517 518 6134728
518 519 748106
519 520 781225
520 521 11742681
521 522 7180434
522 523 12278331
523 524 10106880
524 525 1430028
525 526 -9603203
526 527 6436175
527 528 9256291
528 529 3457327
529 530 4916370
530 531 -2407796
531 532 18133414
532 533 2980191
533 534 1924862
534 535 10627568
535 536 10797327
536 537 8422196
537 538 454414
538 539 10704598
539 540 13493352
540 541 10832407
541 542 17419608
542 543 -67060
543 544 10460477
544 513 0
545 546 7717361
546 547 1983155
547 548 14849462
548 549 9755324
549 550 6306267
550 551 16748719
551 552 1047833
552 553 2436986
553 554 16072036
554 555 23425294
555 556 -3246108
556 557 -3280873
557 558 7218499
558 559 9640721
559 560 11554291
560 561 8695905
561 562 8723508
562 563 9607541
563 564 4852422
564 565 -2833617
565 566 6205604
566 567 21419134
567 568 7028953
568 569 6587866
569 570 5039842
570 571 4571647
571 572 3674385
572 573 3394020
573 574 -10845478
574 575 14156321
575 576 13151061
576 545 0
577 578 -819798
578 579 8007841
579 580 18910073
580 581 8539499
581 582 9755506
582 583 5038470
583 584 15445314
584 585 6518999
585 586 8141533
586 587 6196950
587 588 3678820
588 589 4488047
589 590 -3545009
590 591 -729394
591 592 7584532
592 593 11045658
593 594 24421954
594 595 1125003
595 596 8255380
596 597 14503289
597 598 3800483
598 599 3525762
599 600 20130131
600 601 3511732
601 602 -15799003
602 603 6026104
603 604 4455635
604 605 -4201102
605 606 12100371
606 607 13201108
607 608 12549915
608 577 0
609 610 -123421
610 611 7933318
611 612 9508093
612 613 5375421
613 614 8408542
614 615 3188018
615 616 5401831
616 617 8200287
617 618 3602408
618 619 -2379443
619 620 12479493
620 621 13211722
621 622 4740874
622 623 -2992258
623 624 17525303
624 625 -4407599
625 626 13547708
626 627 3394062
627 628 -9457282
628 629 254345
629 630 12740044
630 631 6183303
631 632 4172831
632 633 7113009
633 634 497825
634 635 24751127
635 636 22341946
636 637 1085271
637 638 13601983
638 639 4170894
639 640 3325951
640 609 0
641 642 -2939661
642 643 12891373
643 644 824839
644 645 -791678
645 646 372993
646 647 3891960
647 648 3690363
648 649 3677019
649 650 7962023
650 651 9752185
651 652 7558273
652 653 16655927
653 654 8183629
654 655 8188236
655 656 6483806
656 657 4332845
657 658 5088780
658 659 17926116
659 660 8109769
660 661 183117
661 662 3212953
662 663 3852933
663 664 4199008
664 665 1912272
665 666 8859137
666 667 13114364
667 668 6999813
668 669 3826233
669 670 -7534933
670 671 1639776
671 672 14943567
672 641 0
673 674 2272947
674 675 11116975
675 676 13252678
676 677 10462802
677 678 1352177
678 679 11005809
679 680 -786568
680 681 15364928
681 682 2893832
682 683 4945143
683 684 12357107
684 685 4088879
685 686 -7307859
686 687 57447
687 688 2322467
688 689 2751645
689 690 18151949
690 691 4082235
691 692 9804305
692 693 -360098
693 694 -2815183
694 695 10057038
695 696 3884018
696 697 -3330475
697 698 8148843
698 699 4422982
699 700 5093651
700 701 4619229
701 702 6731895
702 703 10988053
703 704 -395075
704 673 0
705 706 -2514583
706 707 -1666150
707 708 1839166
708 709 -901117
709 710 10626167
710 711 6675520
711 712 9201902
712 713 7246108
713 714 11836874
714 715 13000489
715 716 8106333
716 717 -2131570
717 718 15354159
718 719 835058
719 720 25715008
720 721 11405964
721 722 17896429
722 723 7025623
723 724 4819496
724 725 1635986
725 726 8142695
726 727 13547852
727 728 11381969
728 729 5778730
729 730 -3420457
730 731 23372557
731 732 65797
732 733 6206264
733 734 1899405
734 735 -2921144
735 736 7473842
736 705 0
737 738 7770697
738 739 5106298
739 740 -4430726
740 741 2911895
741 742 21213942
742 743 3833747
743 744 -1919189
744 745 5602071
745 746 1803514
746 747 -3922992
747 748 -7425750
748 749 23006836
749 750 -356094
750 751 12323023
751 752 9616371
752 753 8764345
753 754 13711922
754 755 -3995626
755 756 2563774
756 757 13335286
757 758 6830226
758 759 -2362116
759 760 2929578
760 761 13947546
761 762 10506219
762 763 -787776
763 764 225095
764 765 6014353
765 766 4547373
766 767 21386945
767 768 -7164800
768 737 0
769 770 8993387
770 771 11716547
771 772 16602836
772 773 -1053036
773 774 10340997
774 775 17996112
775 776 8488037
776 777 -2665698
777 778 -465398
778 779 13883322
779 780 10227591
780 781 10379824
781 782 -259458
782 783 10952573
783 784 4823954
784 785 -2499202
785 786 19255223
786 787 319059
787 788 -5427864
788 789 10268039
789 790 3874818
790 791 1480976
791 792 11934010
792 793 8578938
793 794 12627116
794 795 -12419494
795 796 5481058
796 797 4844806
797 798 7780655
798 799 10137539
799 800 8240709
800 769 0
801 802 3196973
802 803 -1681776
803 804 17048090
804 805 4523610
805 806 14007641
806 807 -1739256
807 808 -5709661
808 809 3938650
809 810 5095902
810 811 492359
811 812 -1614699
812 813 12021377
813 814 8113123
814 815 6544671
815 816 22095442
816 817 11567239
817 818 568263
818 819 4662129
819 820 3177142
820 821 8577529
821 822 7473668
822 823 -6989181
823 824 8673526
824 825 -785393
825 826 1707469
826 827 4400468
827 828 23732300
828 829 6428035
829 830 -3020620
830 831 10386011
831 832 2763585
832 801 0
833 834 1364953
834 835 17589797
835 836 -6203396
836 837 14346943
837 838 -7012500
838 839 28519793
839 840 8822328
840 841 14890598
841 842 15961758
842 843 -1325723
843 844 18462006
844 845 5035108
845 846 1940555
846 847 22599173
847 848 -4030899
848 849 5634834
849 850 2025370
850 851 10430215
851 852 10064727
852 853 -3685122
853 854 3927892
854 855 5018801
855 856 -9756387
856 857 6057716
857 858 1822609
858 859 4780743
859 860 -738309
860 861 7420857
861 862 -543640
862 863 11092690
863 864 858888
864 833 0
865 866 1995424
866 867 25803952
867 868 12625884
868 869 207220
869 870 7725700
870 871 452648
871 872 10772922
872 873 -3693722
873 874 4863765
874 875 1611723
875 876 14693051
876 877 10969719
877 878 4130200
878 879 -4858515
879 880 24066907
880 881 9192493
881 882 4147066
882 883 -1102924
883 884 15153194
884 885 9451013
885 886 4994104
886 887 17185120
887 888 9531911
888 889 15723320
889 890 11139835
890 891 -3892456
891 892 4553677
892 893 2735347
893 894 -919256
894 895 2062439
895 896 7476617
896 865 0
897 898 -1897616
898 899 2908709
899 900 2885488
900 901 18121536
901 902 20467652
902 903 1551453
903 904 -3944351
904 905 8325467
905 906 -893454
906 907 4543630
907 908 9712599
908 909 26995743
909 910 -1008750
910 911 8833351
911 912 5942513
912 913 14810579
913 914 13281267
914 915 1919318
915 916 4637512
916 917 7475858
917 918 -6664525
918 919 2747541
919 920 4680290
920 921 -2035234
921 922 8610027
922 923 220633
923 924 10315257
924 925 8101765
925 926 12506377
926 927 17029534
927 928 -1407242
928 897 0
929 930 6032013
930 931 11888926
931 932 8425605
932 933 2749078
933 934 14040047
934 935 9997067
935 936 6177688
936 937 18947307
937 938 10726089
938 939 23305425
939 940 -17431516
940 941 3168800
941 942 18025428
942 943 168396
943 944 13873316
944 945 -9432597
945 946 9749263
946 947 13198376
947 948 -426505
948 949 19739288
949 950 14948532
950 951 18668988
951 952 1722359
952 953 -7518771
953 954 17952306
954 955 12601294
955 956 1782766
956 957 2023227
957 958 7897459
958 959 10304502
959 960 24901673
960 929 0
961 962 2194255
962 963 3582124
963 964 9135033
964 965 217943
965 966 7849916
966 967 -682437
967 968 8072523
968 969 18258899
969 970 9605980
970 971 13927445
971 972 15873723
972 973 3274268
973 974 7012298
974 975 4733819
975 976 -2461705
976 977 13070447
977 978 8769169
978 979 4120998
979 980 5176726
980 981 12727580
981 982 7901965
982 983 7155139
983 984 -335006
984 985 9549027
985 986 13745747
986 987 -9131958
987 988 377411
988 989 -728481
989 990 7171259
990 991 -4195223
991 992 14987820
992 961 0
993 994 11743459
994 995 -4482122
995 996 -4865316
996 997 5084428
997 998 18250761
998 999 17990529
999 1000 19209209
1000 1001 8991058
1001 1002 14123999
1002 1003 13892178
1003 1004 9365004
1004 1005 18721592
1005 1006 5215970
1006 1007 2322581
1007 1008 1514791
1008 1009 7211246
1009 1010 499491
1010 1011 6417919
1011 1012 1709834
1012 1013 10350018
1013 1014 -284629
1014 1015 -600611
1015 1016 -1666764
1016 1017 13089069
1017 1018 4160325
1018 1019 2717905
1019 1020 17282063
1020 1021 14914973
1021 1022 -180700
1022 1023 -5872387
1023 1024 -416049
1024 993 0
1 33 8282538
2 34 -8409768
3 35 10706159
4 36 5716337
5 37 -3977916
6 38 12590826
7 39 6534411
8 40 8130944
9 41 17303896
10 42 13602699
11 43 1860761
12 44 7170881
13 45 -1010567
14 46 -1888849
15 47 1574069
16 48 5096811
17 49 2907365
18 50 12782914
19 51 5882214
20 52 8339838
21 53 14988071
22 54 11599489
23 55 7539313
24 56 -2581295
25 57 304055
26 58 8933634
27 59 5242760
28 60 5804260
29 61 -3673723
30 62 9975981
31 63 11615354
32 64 27581966
33 65 10169343
34 66 11006925
35 67 24602455
36 68 5392258
37 69 11586101
38 70 1971691
39 71 14137274
40 72 1793642
41 73 -710538
42 74 11355804
43 75 2450326
44 76 8644823
45 77 12352422
46 78 12852329
47 79 8621605
48 80 18944058
49 81 5876557
50 82 19052245
51 83 9457989
52 84 12392072
53 85 1386160
54 86 18600552
55 87 4373387
56 88 11207374
57 89 1040312
58 90 13680813
59 91 -5762445
60 92 6417606
61 93 9778792
62 94 10632805
63 95 -486233
64 96 434747
65 97 5845221
66 98 7212065
67 99 11991607
68 100 13715097
69 101 23697222
70 102 -3380023
71 103 13433234
72 104 1281853
73 105 5554519
74 106 3643491
75 107 -887483
76 108 19238754
77 109 6213122
78 110 5773179
79 111 -4727393
80 112 16991395
81 113 9321042
82 114 4195544
83 115 2681592
84 116 1735237
85 117 13439532
86 118 -5013609
87 119 9936172
88 120 2908342
89 121 6208341
90 122 -1577600
91 123 13651775
92 124 -1376397
93 125 15699870
94 126 -3368084
95 127 19483673
96 128 2420986
97 129 8661472
98 130 -1467569
99 131 -11278
100 132 5199322
101 133 8552707
102 134 8114993
103 135 -4225167
104 136 15382782
105 137 828857
106 138 2346866
107 139 10814500
108 140 6128346
109 141 -1085457
110 142 34520297
111 143 8029633
112 144 2262811
113 145 18115630
114 146 740497
115 147 6428279
116 148 23094391
117 149 15504960
118 150 3968487
119 151 13884665
120 152 10948348
121 153 -4380407
122 154 13243390
123 155 16679247
124 156 6770507
125 157 8433049
126 158 6793684
127 159 7024728
128 160 13084560
129 161 -1131461
130 162 2804634
131 163 -3807616
132 164 1413473
133 165 1929054
134 166 8462341
135 167 2099548
136 168 -1630812
137 169 9907420
138 170 -1886513
139 171 5228235
140 172 8463376
141 173 2135412
142 174 7312897
143 175 -1608706
144 176 6950894
145 177 6472217
146 178 6847154
147 179 8145245
148 180 4942694
149 181 14964806
150 182 -2994067
151 183 4819016
152 184 17290533
153 185 16703957
154 186 15619310
155 187 -5249114
156 188 12787796
157 189 15463883
158 190 2458644
159 191 8369323
160 192 6785107
161 193 4357002
162 194 3040173
163 195 6407060
164 196 15030463
165 197 6069023
166 198 14381606
167 199 3322259
168 200 2345499
169 201 11306442
170 202 18031574
171 203 2760356
172 204 3273770
173 205 473839
174 206 25640752
175 207 3047950
176 208 4867705
177 209 7955408
178 210 4524751
179 211 4391110
180 212 35147208
181 213 1595724
182 214 1774232
183 215 18140505
184 216 295485
185 217 1724393
186 218 7941008
187 219 9610541
188 220 1084730
189 221 1350397
190 222 10734067
191 223 2869241
192 224 5056720
193 225 29889039
194 226 17290005
195 227 1976208
196 228 4755640
197 229 -546246
198 230 2659845
199 231 8789390
200 232 9733229
201 233 721725
202 234 5400242
203 235 11761421
204 236 -2907719
205 237 5404830
206 238 1943296
207 239 -2082850
208 240 13574726
209 241 -3156610
210 242 2185436
211 243 -1128297
212 244 1883860
213 245 3548283
214 246 5708067
215 247 7302796
216 248 16205284
217 249 -316388
218 250 -1607352
219 251 14895784
220 252 10948678
221 253 12837158
222 254 5324305
223 255 1253304
224 256 7162892
225 257 2627766
226 258 2882640
227 259 10546249
228 260 3158053
229 261 14705900
230 262 -2844629
231 263 10342390
232 264 9835477
233 265 -3438589
234 266 11600396
235 267 -308887
236 268 -4184056
237 269 22241202
238 270 -3577019
239 271 -8820611
240 272 8467171
241 273 5794550
242 274 2029828
243 275 6989500
244 276 1957381
245 277 17836642
246 278 8602217
247 279 15976315
248 280 -4784136
249 281 780201
250 282 2698098
251 283 8836431
252 284 5512903
253 285 -5992343
254 286 10184508
255 287 -1818209
256 288 24447681
257 289 10686278
258 290 -2496296
259 291 13858771
260 292 -506472
261 293 13740029
262 294 6383774
263 295 4885738
264 296 6253487
265 297 -6008819
266 298 11827140
267 299 -2703853
268 300 8664601
269 301 18209590
270 302 8014347
271 303 2773024
272 304 5541933
273 305 4614969
274 306 -1708664
275 307 11361862
276 308 3228168
277 309 5938660
278 310 10184069
279 311 12552760
280 312 -629315
281 313 3309714
282 314 12025760
283 315 1843417
284 316 -2481008
285 317 2676931
286 318 -9226022
287 319 24285579
288 320 14501947
289 321 11606096
290 322 274221
291 323 -4005199
292 324 -2699782
293 325 1595795
294 326 8756519
295 327 26576978
296 328 7925266
297 329 11354074
298 330 11575333
299 331 11042863
300 332 2311088
301 333 -6163136
302 334 13874818
303 335 4218718
304 336 15277521
305 337 25282480
306 338 2472742
307 339 194250
308 340 15001250
309 341 -2115602
310 342 -9927579
311 343 6670064
312 344 2527089
313 345 10840713
314 346 6168353
315 347 9448693
316 348 12813188
317 349 1623897
318 350 7714565
319 351 -1426493
320 352 5576792
321 353 7552659
322 354 10841356
323 355 -12185911
324 356 6756685
325 357 -3099455
326 358 5719206
327 359 3872492
328 360 10877572
329 361 11783367
330 362 15187331
331 363 4085608
332 364 11128773
333 365 7399293
334 366 9540143
335 367 4604167
336 368 -9531783
337 369 13861694
338 370 3854551
339 371 -1572703
340 372 6370990
341 373 1074213
342 374 10654961
343 375 6620168
344 376 5706069
345 377 12364892
346 378 12396380
347 379 3809960
348 380 2426387
349 381 1245062
350 382 -3893765
351 383 9580158
352 384 13081497
353 385 11918099
354 386 32334267
355 387 23529857
356 388 18409222
357 389 14040921
358 390 15567060
359 391 11083671
360 392 23230381
361 393 12591896
362 394 -2435266
363 395 9729927
364 396 -3571143
365 397 14892565
366 398 10364466
367 399 4061867
368 400 17512748
369 401 10091484
370 402 1446337
371 403 20132
372 404 12543310
373 405 -296662
374 406 10591460
375 407 -5298621
376 408 2087416
377 409 5234289
378 410 3617400
379 411 6602618
380 412 18971509
381 413 2572475
382 414 16884514
383 415 10673627
384 416 4502582
385 417 10067957
386 418 1038210
387 419 1987501
388 420 10108493
389 421 8543244
390 422 -730306
391 423 316550
392 424 4425927
393 425 -2496234
394 426 -6881768
395 427 5371018
396 428 3198265
397 429 15670568
398 430 14949858
399 431 6085236
400 432 4049195
401 433 13197218
402 434 6455948
403 435 10085765
404 436 1057360
405 437 11758726
406 438 -404558
407 439 6253809
408 440 5598153
409 441 14670408
410 442 -259197
411 443 8807644
412 444 1266944
413 445 16385635
414 446 11806190
415 447 12578320
416 448 8031595
417 449 19344966
418 450 8007566
419 451 3602959
420 452 -2172885
421 453 4916081
422 454 13555839
423 455 10030509
424 456 19353971
425 457 5701965
426 458 -435610
427 459 6037643
428 460 157151
429 461 3350665
430 462 3799124
431 463 5508669
432 464 11068414
433 465 10453488
434 466 9545132
435 467 19434056
436 468 -3182713
437 469 7996776
438 470 -778168
439 471 5334732
440 472 10574591
441 473 5875006
442 474 8977803
443 475 15204404
444 476 -13228427
445 477 7705553
446 478 3333606
447 479 5368699
448 480 5452624
449 481 18491177
450 482 -5564102
451 483 -888736
452 484 6343955
453 485 1694247
454 486 3367990
455 487 -2501405
456 488 10189548
457 489 11465122
458 490 -5771773
459 491 6754128
460 492 3449473
461 493 3741381
462 494 17642868
463 495 -1895476
464 496 5695762
465 497 15472453
466 498 17803928
467 499 11301743
468 500 6949426
469 501 -87761
470 502 -653626
471 503 1345994
472 504 14612920
473 505 6047561
474 506 3198549
475 507 3207960
476 508 9923885
477 509 21039036
478 510 8415119
479 511 10210016
480 512 8314383
481 513 6456340
482 514 7941484
483 515 17017751
484 516 3597103
485 517 6701578
486 518 -7350281
487 519 -1746850
488 520 13462183
489 521 3739199
490 522 10193782
491 523 10880707
492 524 10299938
493 525 8470510
494 526 -157676
495 527 11773790
496 528 18533360
497 529 -439166
498 530 15023304
499 531 8869018
500 532 16339372
501 533 -162577
502 534 2481596
503 535 5442773
504 536 9267615
505 537 6858157
506 538 8432561
507 539 -7798518
508 540 -1380610
509 541 26011048
510 542 -3061448
511 543 8728905
512 544 8046416
513 545 2128238
514 546 3572114
515 547 761896
516 548 -542391
517 549 -932948
518 550 2092217
519 551 1565471
520 552 4652089
521 553 -3605130
522 554 1233177
523 555 10004782
524 556 4171362
525 557 19227385
526 558 6740486
527 559 7206638
528 560 3982779
529 561 -7767807
530 562 13250743
531 563 19606864
532 564 3092829
533 565 5790939
534 566 -2250647
535 567 15198948
536 568 9904432
537 569 11763349
538 570 34952346
539 571 10788967
540 572 11764024
541 573 6953556
542 574 -3995430
543 575 2953972
544 576 10708333
545 577 2045035
546 578 2977039
547 579 14437311
548 580 -2941531
549 581 12238855
550 582 16065662
551 583 10142631
552 584 6830916
553 585 3564383
554 586 -1609989
555 587 17406062
556 588 9817183
557 589 7211799
558 590 20215466
559 591 -5780155
560 592 -1589617
561 593 21006606
562 594 901593
563 595 3335073
564 596 477266
565 597 7616739
566 598 11596225
567 599 10481395
568 600 6748747
569 601 -569913
570 602 20988618
571 603 10024097
572 604 1043722
573 605 3876959
574 606 4965762
575 607 7544280
576 608 20406497
577 609 5112999
578 610 333947
579 611 10723457
580 612 -2215985
581 613 -9114937
582 614 14049350
583 615 -5655855
584 616 11187025
585 617 -5202692
586 618 6581228
587 619 8856854
588 620 -2397744
589 621 7442546
590 622 15055825
591 623 5758626
592 624 15803342
593 625 3069977
594 626 9391392
595 627 14845060
596 628 13156518
597 629 3134527
598 630 -4094628
599 631 2234214
600 632 11713363
601 633 14188723
602 634 6143824
603 635 7597121
604 636 10706529
605 637 -2515363
606 638 11587013
607 639 20167795
608 640 -6273912
609 641 5171420
610 642 6088192
611 643 8990031
612 644 3378541
613 645 14904589
614 646 -8556583
615 647 15841315
616 648 2663611
617 649 8543016
618 650 -2169781
619 651 2204779
620 652 -6972203
621 653 858134
622 654 6367081
623 655 13551002
624 656 -5636586
625 657 14974558
626 658 -10669187
627 659 7504220
628 660 6225266
629 661 8284099
630 662 8899394
631 663 6109328
632 664 4793716
633 665 11087651
634 666 16559283
635 667 9168160
636 668 -3640368
637 669 2616045
638 670 15207039
639 671 11387566
640 672 3056749
641 673 3239222
642 674 10476989
643 675 3732299
644 676 -37474
645 677 -1871353
646 678 9167042
647 679 438748
648 680 5465369
649 681 18599795
650 682 17358642
651 683 -13414995
652 684 10930447
653 685 20206547
654 686 16500135
655 687 9347030
656 688 8386462
657 689 9695655
658 690 -1812778
659 691 21126877
660 692 1286760
661 693 21107218
662 694 -673578
663 695 3186864
664 696 5820073
665 697 1905829
666 698 -2451317
667 699 6468946
668 700 15346741
669 701 1193329
670 702 8336476
671 703 5552996
672 704 -754272
673 705 9887383
674 706 4087576
675 707 16678952
676 708 12948348
677 709 5044874
678 710 2571683
679 711 8231548
680 712 -675043
681 713 -5772504
682 714 11061778
683 715 4592809
684 716 2557354
685 717 2876539
686 718 10750031
687 719 9505010
688 720 10666631
689 721 6286872
690 722 4547713
691 723 5006081
692 724 -1893931
693 725 -2213673
694 726 -3234317
695 727 13472841
696 728 10694252
697 729 12332037
698 730 7533471
699 731 14832856
700 732 5423000
701 733 6380126
702 734 5008686
703 735 4372295
704 736 1750415
705 737 4128074
706 738 982358
707 739 12487016
708 740 6028414
709 741 1101582
710 742 13253159
711 743 4080458
712 744 16050521
713 745 -1386786
714 746 6820695
715 747 10754515
716 748 3594678
717 749 15069103
718 750 14070242
719 751 1097314
720 752 1588019
721 753 -7421890
722 754 12191249
723 755 4928993
724 756 -862421
725 757 14913610
726 758 29137
727 759 3519270
728 760 17584298
729 761 514021
730 762 22738765
731 763 26994170
732 764 12453037
733 765 -2282395
734 766 6623850
735 767 17826986
736 768 5342469
737 769 18439801
738 770 2291848
739 771 333663
740 772 11057620
741 773 7258640
742 774 -5462494
743 775 3626028
744 776 17267773
745 777 21194632
746 778 6743920
747 779 2846570
748 780 -5052169
749 781 6051932
750 782 -1489414
751 783 15174019
752 784 -1805863
753 785 12937011
754 786 3626071
755 787 153513
756 788 34078349
757 789 8410208
758 790 3695257
759 791 6399459
760 792 6199555
761 793 6622340
762 794 7442021
763 795 21701023
764 796 11986241
765 797 7277554
766 798 1492792
767 799 527247
768 800 8062770
769 801 8608213
770 802 3526104
771 803 -6383497
772 804 5064227
773 805 -796693
774 806 -6977808
775 807 13300846
776 808 26945823
777 809 6854571
778 810 -637882
779 811 20562603
780 812 1527766
781 813 12077255
782 814 1292395
783 815 -71268
784 816 1421118
785 817 817552
786 818 19512363
787 819 10043594
788 820 5367866
789 821 5264105
790 822 -8171678
791 823 16735829
792 824 1428577
793 825 11064613
794 826 10591050
795 827 -5210646
796 828 1851948
797 829 4734600
798 830 5632684
799 831 30078097
800 832 -2274149
801 833 9791170
802 834 3644210
803 835 10610945
804 836 5374563
805 837 7334791
806 838 15356798
807 839 13816404
808 840 16662134
809 841 -1399744
810 842 10956630
811 843 -1543543
812 844 17350010
813 845 600934
814 846 4010536
815 847 13902271
816 848 -2556108
817 849 -3980543
818 850 7399303
819 851 10730017
820 852 7252141
821 853 24080056
822 854 18393853
823 855 17648869
824 856 13741311
825 857 10513261
826 858 8224159
827 859 10141128
828 860 -4701583
829 861 6280819
830 862 2111570
831 863 5527708
832 864 2670765
833 865 -407916
834 866 -3326021
835 867 16239274
836 868 13466937
837 869 13304712
838 870 13037837
839 871 11412107
840 872 -190241
841 873 18559937
842 874 6343992
843 875 6151755
844 876 22154830
845 877 11233013
846 878 5713906
847 879 21045638
848 880 9720914
849 881 391393
850 882 6944196
851 883 3959146
852 884 608481
853 885 21650547
854 886 11032515
855 887 43290825
856 888 8039207
857 889 10304674
858 890 -4892413
859 891 -174642
860 892 13582715
861 893 7268882
862 894 1393356
863 895 15932109
864 896 6066125
865 897 8083435
866 898 1904677
867 899 -3284705
868 900 -1626838
869 901 14299588
870 902 -395525
871 903 11410802
872 904 10018450
873 905 12584205
874 906 8914533
875 907 11331427
876 908 6977118
877 909 1215008
878 910 2516877
879 911 14382029
880 912 13255937
881 913 10349961
882 914 15548329
883 915 -2851536
884 916 3519460
885 917 6292802
886 918 -2569698
887 919 -290572
888 920 -822129
889 921 7412576
890 922 -57658
891 923 19978608
892 924 -3061715
893 925 5959983
894 926 5824454
895 927 6107956
896 928 2732577
897 929 11593539
898 930 1947251
899 931 12921196
900 932 10678275
901 933 -4780909
902 934 16391457
903 935 7696437
904 936 -9427
905 937 9070456
906 938 -9080209
907 939 7685708
908 940 3750280
909 941 11319297
910 942 4956367
911 943 12842506
912 944 -7455683
913 945 10836984
914 946 8279232
915 947 10977845
916 948 26342856
917 949 12969826
918 950 12785231
919 951 1784291
920 952 7080134
921 953 -4200795
922 954 12143645
923 955 8970555
924 956 919860
925 957 -4147997
926 958 2145284
927 959 10163495
928 960 4178668
929 961 6797023
930 962 -491938
931 963 1551713
932 964 -789412
933 965 4125579
934 966 2601041
935 967 10867503
936 968 -1801828
937 969 -5515859
938 970 -5587926
939 971 18582806
940 972 10769600
941 973 11214153
942 974 2437094
943 975 17636451
944 976 10582678
945 977 14225301
946 978 -6319771
947 979 8856939
948 980 3399744
949 981 30969
950 982 251159
951 983 10859535
952 984 11972341
953 985 16423714
954 986 18192450
955 987 18422832
956 988 -3647877
957 989 11750964
958 990 12197257
959 991 18768315
960 992 -2073432
961 993 6634371
962 994 8149685
963 995 21872181
964 996 5716915
965 997 2515142
966 998 11277790
967 999 15342087
968 1000 18022371
969 1001 19059057
970 1002 14689809
971 1003 6866662
972 1004 7787881
973 1005 -8293692
974 1006 5971001
975 1007 -391738
976 1008 14440116
977 1009 -3378534
978 1010 2324168
979 1011 12442481
980 1012 11092517
981 1013 629297
982 1014 22304569
983 1015 25165943
984 1016 2697168
985 1017 12389646
986 1018 -1368362
987 1019 878947
988 1020 6057863
989 1021 4943816
990 1022 8042988
991 1023 16153190
992 1024 10948799
993 1 0
994 2 0
995 3 0
996 4 0
997 5 0
998 6 0
999 7 0
1000 8 0
1001 9 0
1002 10 0
1003 11 0
1004 12 0
1005 13 0
1006 14 0
1007 15 0
1008 16 0
1009 17 0
1010 18 0
1011 19 0
1012 20 0
1013 21 0
1014 22 0
1015 23 0
1016 24 0
1017 25 0
1018 26 0
1019 27 0
1020 28 0
1021 29 0
1022 30 0
1023 31 0
1024 32 0
