1 2 0.990223
2 3 -0.0864233
3 4 0.303999
4 5 0.937369
5 6 0.917698
6 7 0.719927
7 8 -0.628605
8 9 1.44941
9 10 0.434972
10 11 -0.885943
11 12 1.38069
12 13 0.0807295
13 14 1.70264
14 15 1.8072
15 16 0.651339
16 17 1.59009
17 18 -0.207418
18 19 0.723153
19 20 2.09389
20 21 0.461017
21 22 0.700976
22 23 0.969644
23 24 0.736511
24 25 1.73012
25 26 -0.191298
26 27 1.07501
27 28 0.561048
28 29 0.314981
29 30 0.86657
30 31 1.48339
31 32 1.3451
32 1 0
33 34 0.0314695
34 35 0.651137
35 36 1.33963
36 37 0.166421
37 38 -0.775906
38 39 0.392419
39 40 1.05207
40 41 0.201434
41 42 2.43257
42 43 0.92642
43 44 -0.436389
44 45 1.77271
45 46 0.923658
46 47 1.13324
47 48 -0.320555
48 49 0.839756
49 50 1.26067
50 51 -0.312238
51 52 0.851125
52 53 -0.373255
53 54 0.281164
54 55 0.864999
55 56 1.50561
56 57 0.857135
57 58 1.04675
58 59 -0.361825
59 60 0.558613
60 61 1.08812
61 62 0.396174
62 63 0.210417
63 64 0.163492
64 33 0
65 66 0.963021
66 67 1.09967
67 68 0.275875
68 69 2.24331
69 70 1.68529
70 71 0.392466
71 72 -0.910341
72 73 0.0145337
73 74 1.92615
74 75 0.718662
75 76 2.27999
76 77 1.73875
77 78 0.939775
78 79 0.350748
79 80 0.571854
80 81 0.440964
81 82 1.23125
82 83 0.331152
83 84 0.889935
84 85 0.11426
85 86 0.514762
86 87 1.84326
87 88 0.574464
88 89 1.4389
89 90 1.08267
90 91 2.59396
91 92 0.458729
92 93 -0.119144
93 94 1.01603
94 95 1.14339
95 96 1.17078
96 65 0
97 98 1.13563
98 99 0.669483
99 100 2.64765
100 101 1.16973
101 102 0.720996
102 103 0.366383
103 104 0.182452
104 105 -0.0699338
105 106 -0.768103
106 107 -0.100209
107 108 0.934804
108 109 0.45458
109 110 0.333495
110 111 0.199985
111 112 0.746324
112 113 0.0132041
113 114 0.0874738
114 115 0.826805
115 116 0.372709
116 117 1.23746
117 118 0.904263
118 119 -1.12211
119 120 1.66465
120 121 0.758556
121 122 1.63845
122 123 0.711191
123 124 1.82608
124 125 0.366614
125 126 0.61177
126 127 2.4844
127 128 1.05264
128 97 0
129 130 -0.503441
130 131 0.248986
131 132 0.295769
132 133 0.51035
133 134 0.453027
134 135 0.467192
135 136 2.22934
136 137 0.916774
137 138 1.59363
138 139 1.82584
139 140 0.394674
140 141 2.18754
141 142 2.30896
142 143 0.380189
143 144 0.521805
144 145 0.137637
145 146 0.588007
146 147 0.659222
147 148 0.980366
148 149 0.0385969
149 150 -0.610923
150 151 1.37952
151 152 0.806688
152 153 0.812156
153 154 1.14785
154 155 0.695813
155 156 0.773671
156 157 -1.09706
157 158 0.654374
158 159 0.327249
159 160 0.0694461
160 129 0
161 162 1.22154
162 163 -0.277384
163 164 0.377649
164 165 1.10561
165 166 1.08357
166 167 1.76022
167 168 -0.487657
168 169 0.198345
169 170 0.645998
170 171 0.4597
171 172 1.44186
172 173 0.901092
173 174 1.6553
174 175 0.334477
175 176 1.11295
176 177 2.46428
177 178 1.44731
178 179 0.347026
179 180 0.265442
180 181 0.234361
181 182 1.45931
182 183 0.324055
183 184 0.17065
184 185 0.90911
185 186 0.384183
186 187 0.461138
187 188 1.72287
188 189 0.560355
189 190 0.153738
190 191 1.73026
191 192 0.315834
192 161 0
193 194 0.952345
194 195 0.713552
195 196 0.453076
196 197 1.0346
197 198 -0.54901
198 199 0.564981
199 200 0.841141
200 201 1.49339
201 202 1.7658
202 203 0.702831
203 204 2.54282
204 205 0.19725
205 206 1.3763
206 207 0.997203
207 208 -0.359348
208 209 0.0265813
209 210 0.439425
210 211 2.35621
211 212 1.62148
212 213 0.480631
213 214 1.26525
214 215 2.08964
215 216 0.844603
216 217 1.14462
217 218 1.36311
218 219 0.670999
219 220 -0.627801
220 221 0.241028
221 222 1.00425
222 223 0.114669
223 224 -0.146668
224 193 0
225 226 1.14689
226 227 2.15872
227 228 0.312812
228 229 1.30966
229 230 1.13814
230 231 0.597075
231 232 0.70341
232 233 -0.37667
233 234 1.6693
234 235 0.828333
235 236 1.14095
236 237 1.9082
237 238 0.0921185
238 239 0.862208
239 240 0.894634
240 241 1.32634
241 242 -1.26978
242 243 1.16892
243 244 0.532301
244 245 -0.268296
245 246 0.821617
246 247 0.21706
247 248 1.24121
248 249 -1.06049
249 250 0.718764
250 251 -0.0086701
251 252 1.07242
252 253 0.289522
253 254 0.116357
254 255 0.413159
255 256 0.398381
256 225 0
257 258 1.26927
258 259 0.354288
259 260 -0.520704
260 261 0.35572
261 262 0.783094
262 263 0.774132
263 264 0.432315
264 265 1.74736
265 266 1.9615
266 267 0.971052
267 268 0.0660324
268 269 1.70153
269 270 0.975204
270 271 0.234856
271 272 1.13122
272 273 -0.211869
273 274 2.55411
274 275 0.790712
275 276 1.34882
276 277 0.553739
277 278 -0.491527
278 279 1.57282
279 280 0.619471
280 281 0.640523
281 282 -0.2236
282 283 1.20931
283 284 0.370921
284 285 1.34178
285 286 -0.771396
286 287 1.02217
287 288 1.52697
288 257 0
289 290 -0.359222
290 291 1.92882
291 292 0.271265
292 293 -0.135869
293 294 1.2483
294 295 1.56165
295 296 1.28538
296 297 -0.0732058
297 298 -0.258835
298 299 -0.448649
299 300 0.211189
300 301 -0.353736
301 302 1.82581
302 303 0.21761
303 304 -0.349315
304 305 0.289002
305 306 0.804827
306 307 0.845396
307 308 1.24914
308 309 0.714374
309 310 1.17087
310 311 0.489149
311 312 2.52039
312 313 0.973549
313 314 0.505119
314 315 0.005683
315 316 -0.0487867
316 317 0.67251
317 318 0.948037
318 319 -0.0086685
319 320 0.550314
320 289 0
321 322 1.86081
322 323 0.153057
323 324 0.485141
324 325 0.292685
325 326 2.01587
326 327 0.345224
327 328 1.33035
328 329 1.36664
329 330 0.439103
330 331 0.953895
331 332 0.469273
332 333 0.924169
333 334 2.22333
334 335 0.109276
335 336 0.85271
336 337 1.62712
337 338 -1.09436
338 339 1.64741
339 340 0.193439
340 341 2.23651
341 342 1.51339
342 343 1.49843
343 344 2.0218
344 345 0.0727151
345 346 -0.465546
346 347 0.987498
347 348 1.34049
348 349 1.82969
349 350 0.814063
350 351 1.92723
351 352 0.610427
352 321 0
353 354 1.14602
354 355 -0.517751
355 356 0.347348
356 357 0.695829
357 358 0.440316
358 359 1.76843
359 360 -0.57734
360 361 1.10211
361 362 1.13598
362 363 0.564688
363 364 0.406493
364 365 -0.146338
365 366 1.00133
366 367 -0.0418285
367 368 0.765573
368 369 1.20826
369 370 1.44019
370 371 -0.0976606
371 372 -0.621049
372 373 1.39965
373 374 0.161188
374 375 1.01472
375 376 0.43375
376 377 0.189081
377 378 0.813271
378 379 0.493753
379 380 0.53442
380 381 1.1653
381 382 1.07413
382 383 1.39554
383 384 0.455796
384 353 0
385 386 0.772852
386 387 0.847891
387 388 1.46739
388 389 1.26411
389 390 -0.162394
390 391 1.88728
391 392 0.767702
392 393 1.83408
393 394 0.0506676
394 395 0.730524
395 396 1.56113
396 397 1.54486
397 398 0.0662104
398 399 -0.381148
399 400 0.579474
400 401 1.43884
401 402 -0.563096
402 403 1.02226
403 404 0.787159
404 405 0.935262
405 406 1.09774
406 407 -0.321294
407 408 0.208391
408 409 0.859743
409 410 0.0638399
410 411 0.268906
411 412 -0.0208536
412 413 1.04083
413 414 0.0496632
414 415 1.13128
415 416 1.91126
416 385 0
417 418 -0.0420197
418 419 0.8521
419 420 0.361764
420 421 1.25635
421 422 1.01475
422 423 0.0989555
423 424 0.567244
424 425 0.114185
425 426 1.1958
426 427 1.16862
427 428 0.0478242
428 429 -0.901451
429 430 -0.482463
430 431 0.803848
431 432 0.48664
432 433 0.335199
433 434 2.45527
434 435 0.605214
435 436 -0.187661
436 437 2.52167
437 438 0.891503
438 439 -0.702309
439 440 0.77606
440 441 -0.311551
441 442 0.96702
442 443 1.83743
443 444 0.265452
444 445 1.41304
445 446 -0.201856
446 447 -0.126191
447 448 0.983675
448 417 0
449 450 3.23063
450 451 1.03178
451 452 1.19817
452 453 2.94444
453 454 0.701713
454 455 0.137553
455 456 0.165943
456 457 -0.333085
457 458 0.370136
458 459 1.97645
459 460 1.14607
460 461 0.469173
461 462 0.103403
462 463 0.46242
463 464 0.195599
464 465 2.19229
465 466 -0.23579
466 467 0.487554
467 468 0.668034
468 469 -0.38589
469 470 -0.821679
470 471 0.739668
471 472 1.89548
472 473 1.82339
473 474 1.04963
474 475 2.27933
475 476 -0.606096
476 477 0.770662
477 478 1.89661
478 479 0.621139
479 480 0.91701
480 449 0
481 482 1.49087
482 483 1.07022
483 484 0.28953
484 485 0.717088
485 486 0.588403
486 487 1.16712
487 488 1.86545
488 489 0.662919
489 490 0.574014
490 491 0.629067
491 492 -0.0328116
492 493 0.925187
493 494 1.86072
494 495 0.83799
495 496 0.795225
496 497 -0.282023
497 498 -0.447072
498 499 1.15435
499 500 0.110268
500 501 0.148198
501 502 1.49406
502 503 0.82003
503 504 0.855151
504 505 -0.0351683
505 506 0.071422
506 507 0.184234
507 508 0.852373
508 509 1.53254
509 510 -0.0866669
510 511 0.775764
511 512 0.293766
512 481 0
513 514 0.92781
514 515 -0.0380101
515 516 0.582657
516 517 0.186005
517 518 -0.208033
518 519 1.01621
519 520 0.443401
520 521 -0.431052
521 522 1.00744
522 523 -0.474978
523 524 0.399344
524 525 0.610528
525 526 -0.490915
526 527 0.671664
527 528 1.17494
528 529 1.01029
529 530 0.453194
530 531 0.990185
531 532 1.80582
532 533 1.05469
533 534 0.803386
534 535 0.376816
535 536 1.63699
536 537 0.591035
537 538 0.638078
538 539 -0.147111
539 540 0.253315
540 541 0.645643
541 542 1.42557
542 543 0.609598
543 544 0.427713
544 513 0
545 546 -1.06388
546 547 0.311278
547 548 1.75065
548 549 0.0123881
549 550 -0.354612
550 551 -0.616267
551 552 1.61008
552 553 0.790721
553 554 0.532037
554 555 0.166848
555 556 0.443012
556 557 0.940815
557 558 0.0797945
558 559 -0.437821
559 560 0.163934
560 561 0.121012
561 562 -0.564131
562 563 0.918988
563 564 0.983528
564 565 -0.580602
565 566 0.312544
566 567 1.04152
567 568 0.626227
568 569 0.706295
569 570 0.0062039
570 571 -0.559058
571 572 0.924513
572 573 0.769135
573 574 1.3394
574 575 -0.265967
575 576 -0.684943
576 545 0
577 578 1.08061
578 579 0.547098
579 580 -0.775855
580 581 1.92364
581 582 1.05093
582 583 2.42037
583 584 0.222847
584 585 -0.247953
585 586 0.997079
586 587 1.22043
587 588 0.636208
588 589 -0.317305
589 590 -0.0014157
590 591 0.743785
591 592 0.612171
592 593 1.02738
593 594 0.639345
594 595 -0.281657
595 596 -0.594984
596 597 -0.101923
597 598 -0.0099279
598 599 0.399609
599 600 1.16626
600 601 0.524276
601 602 -0.318579
602 603 0.106214
603 604 1.16918
604 605 0.493767
605 606 1.6222
606 607 0.326758
607 608 0.69336
608 577 0
609 610 0.699948
610 611 1.58859
611 612 1.46797
612 613 1.42248
613 614 1.39339
614 615 0.663932
615 616 -0.0829286
616 617 1.0481
617 618 0.295552
618 619 1.44817
619 620 -0.384687
620 621 0.401716
621 622 0.259328
622 623 -0.674108
623 624 0.129653
624 625 0.573277
625 626 -0.517157
626 627 0.828441
627 628 0.280299
628 629 1.30666
629 630 0.498582
630 631 -0.170064
631 632 1.17459
632 633 -0.420315
633 634 1.00561
634 635 1.57752
635 636 1.5498
636 637 -0.0107509
637 638 -0.27363
638 639 -0.291487
639 640 0.0211808
640 609 0
641 642 2.21021
642 643 0.516915
643 644 0.967393
644 645 0.436072
645 646 0.154644
646 647 -0.21357
647 648 2.50482
648 649 0.830813
649 650 1.06225
650 651 1.88456
651 652 -0.114106
652 653 1.34917
653 654 0.34517
654 655 1.40411
655 656 1.19659
656 657 1.70031
657 658 0.932529
658 659 1.22954
659 660 0.966686
660 661 0.241568
661 662 -0.0592547
662 663 0.753052
663 664 0.282011
664 665 2.14573
665 666 -0.776388
666 667 1.31918
667 668 -0.12107
668 669 0.32027
669 670 0.968692
670 671 1.1674
671 672 0.121814
672 641 0
673 674 2.42902
674 675 -0.502633
675 676 1.67341
676 677 1.09774
677 678 -0.61891
678 679 0.550928
679 680 -0.465724
680 681 2.22095
681 682 -0.737026
682 683 2.16357
683 684 1.95797
684 685 0.613025
685 686 0.650844
686 687 1.23779
687 688 0.235857
688 689 -0.483624
689 690 0.579179
690 691 0.243583
691 692 2.90643
692 693 0.204095
693 694 1.45547
694 695 0.771661
695 696 0.255222
696 697 0.347206
697 698 0.944171
698 699 0.678183
699 700 0.792297
700 701 0.114648
701 702 1.29705
702 703 0.36793
703 704 0.573068
704 673 0
705 706 1.85438
706 707 0.46817
707 708 0.0183907
708 709 -0.819826
709 710 1.37993
710 711 0.0178375
711 712 0.239631
712 713 1.09413
713 714 0.825652
714 715 1.89175
715 716 -0.0052413
716 717 0.160374
717 718 -0.16279
718 719 0.561351
719 720 -0.470622
720 721 0.972565
721 722 1.19073
722 723 2.72969
723 724 0.23405
724 725 0.89599
725 726 0.137353
726 727 0.835023
727 728 0.829912
728 729 0.139273
729 730 2.14026
730 731 1.95011
731 732 1.18465
732 733 0.308688
733 734 0.988184
734 735 -0.0287308
735 736 0.994515
736 705 0
737 738 1.41126
738 739 -0.067127
739 740 1.27063
740 741 0.0566548
741 742 0.420993
742 743 3.10736
743 744 0.498728
744 745 0.402122
745 746 0.0861635
746 747 0.924275
747 748 1.17416
748 749 0.602512
749 750 1.00963
750 751 1.29307
751 752 0.134958
752 753 1.19814
753 754 1.30037
754 755 0.827533
755 756 1.51873
756 757 1.50707
757 758 -0.0174694
758 759 0.474157
759 760 0.808605
760 761 -0.106567
761 762 -0.505298
762 763 1.2187
763 764 -0.766871
764 765 0.385753
765 766 0.775767
766 767 2.47966
767 768 2.63056
768 737 0
769 770 2.36373
770 771 0.0879536
771 772 0.150865
772 773 1.10315
773 774 0.959876
774 775 -0.391074
775 776 -0.0309037
776 777 0.113623
777 778 -0.133555
778 779 0.787199
779 780 0.247286
780 781 0.836283
781 782 2.2567
782 783 1.5158
783 784 0.0368117
784 785 1.05787
785 786 1.01088
786 787 -0.809555
787 788 0.877314
788 789 0.926307
789 790 2.04035
790 791 0.739698
791 792 0.277247
792 793 0.289808
793 794 -0.706421
794 795 0.507517
795 796 1.00524
796 797 1.42701
797 798 0.348418
798 799 0.889247
799 800 -0.291519
800 769 0
801 802 0.179421
802 803 0.531487
803 804 -0.343206
804 805 0.888021
805 806 0.0069514
806 807 1.27047
807 808 0.396396
808 809 0.486643
809 810 -0.0225864
810 811 0.0293532
811 812 -0.424021
812 813 1.75452
813 814 1.59859
814 815 -0.305815
815 816 1.59317
816 817 0.141355
817 818 -0.505976
818 819 1.01533
819 820 0.0192668
820 821 0.0827798
821 822 0.144698
822 823 -0.674497
823 824 1.10629
824 825 2.08876
825 826 0.104783
826 827 1.97487
827 828 0.10449
828 829 1.97688
829 830 -0.604638
830 831 0.372875
831 832 1.92561
832 801 0
833 834 -0.534054
834 835 1.00688
835 836 1.84446
836 837 1.60659
837 838 0.492641
838 839 0.935776
839 840 -0.671631
840 841 0.862132
841 842 1.29412
842 843 2.34473
843 844 1.26285
844 845 0.670517
845 846 -1.19728
846 847 1.67151
847 848 0.289564
848 849 0.48925
849 850 0.224437
850 851 -0.581369
851 852 0.541489
852 853 1.05299
853 854 1.64758
854 855 0.464435
855 856 0.907096
856 857 0.851248
857 858 -0.0144599
858 859 0.332711
859 860 0.139673
860 861 0.125391
861 862 1.26604
862 863 0.852551
863 864 0.855329
864 833 0
865 866 0.417947
866 867 0.225479
867 868 0.372159
868 869 0.515263
869 870 -0.365266
870 871 0.957362
871 872 -0.971638
872 873 -0.116722
873 874 2.0867
874 875 3.21443
875 876 0.349076
876 877 0.6894
877 878 -0.121144
878 879 0.0936148
879 880 0.809631
880 881 0.658093
881 882 1.63089
882 883 0.598194
883 884 1.72565
884 885 0.705522
885 886 0.115773
886 887 0.121288
887 888 0.737198
888 889 -0.0843156
889 890 2.32332
890 891 -0.0264013
891 892 0.543994
892 893 0.262691
893 894 -0.0794174
894 895 -1.12308
895 896 1.29583
896 865 0
897 898 -0.924627
898 899 1.06978
899 900 -0.0264009
900 901 0.823094
901 902 1.10184
902 903 0.834712
903 904 1.21927
904 905 0.598294
905 906 1.02017
906 907 1.20667
907 908 0.429949
908 909 0.460659
909 910 1.34755
910 911 1.03987
911 912 0.126683
912 913 0.801106
913 914 0.231594
914 915 0.320092
915 916 -0.227258
916 917 0.0899179
917 918 2.43642
918 919 1.66161
919 920 -0.064419
920 921 0.377765
921 922 1.15296
922 923 0.236437
923 924 1.95177
924 925 0.311911
925 926 0.319572
926 927 0.942606
927 928 1.03549
928 897 0
929 930 1.72697
930 931 -0.219897
931 932 0.726704
932 933 0.935271
933 934 1.31187
934 935 -0.0002468
935 936 1.4506
936 937 -0.0875837
937 938 1.60193
938 939 0.0820055
939 940 0.910557
940 941 1.54933
941 942 0.863246
942 943 0.567451
943 944 1.64115
944 945 1.56684
945 946 1.27106
946 947 1.04372
947 948 -0.24971
948 949 0.455702
949 950 0.348934
950 951 -1.06348
951 952 0.131741
952 953 -0.218793
953 954 0.907507
954 955 -0.0495104
955 956 -0.091384
956 957 0.638724
957 958 1.76742
958 959 0.373154
959 960 0.359452
960 929 0
961 962 0.750987
962 963 0.0856485
963 964 0.320929
964 965 -0.353301
965 966 0.110478
966 967 0.710427
967 968 -0.982722
968 969 -0.214624
969 970 1.1051
970 971 1.4263
971 972 0.526903
972 973 1.24898
973 974 1.93475
974 975 0.987585
975 976 0.34919
976 977 1.30785
977 978 0.828506
978 979 0.840773
979 980 0.547385
980 981 1.02159
981 982 1.25159
982 983 1.60299
983 984 1.01762
984 985 0.314521
985 986 2.3507
986 987 1.27002
987 988 0.876713
988 989 0.582461
989 990 -1.03677
990 991 -0.057097
991 992 -0.537137
992 961 0
993 994 1.78227
994 995 0.543523
995 996 1.23946
996 997 0.0189616
997 998 0.380523
998 999 0.650402
999 1000 0.513717
1000 1001 1.15244
1001 1002 1.81417
1002 1003 0.970012
1003 1004 0.461902
1004 1005 1.91317
1005 1006 0.413192
1006 1007 0.383276
1007 1008 -0.519803
1008 1009 0.478501
1009 1010 0.186837
1010 1011 0.252297
1011 1012 1.84787
1012 1013 1.85072
1013 1014 -0.611184
1014 1015 0.668708
1015 1016 0.483342
1016 1017 1.49428
1017 1018 1.32974
1018 1019 1.2061
1019 1020 2.33632
1020 1021 1.0697
1021 1022 0.804668
1022 1023 2.09482
1023 1024 2.31856
1024 993 0
1 33 1.07688
2 34 1.41576
3 35 0.107492
4 36 1.06125
5 37 1.58556
6 38 1.10618
7 39 0.70169
8 40 0.796361
9 41 0.347411
10 42 2.10929
11 43 0.889748
12 44 1.94911
13 45 -0.0653427
14 46 -0.864786
15 47 1.14592
16 48 0.785735
17 49 1.05029
18 50 -0.199851
19 51 0.843954
20 52 0.254973
21 53 -0.118581
22 54 0.949851
23 55 1.07779
24 56 -0.137086
25 57 0.156504
26 58 0.689703
27 59 0.839686
28 60 -0.558282
29 61 0.799498
30 62 0.300596
31 63 0.492342
32 64 -0.365094
33 65 0.930423
34 66 0.794279
35 67 0.283551
36 68 0.0615414
37 69 0.838988
38 70 1.80753
39 71 2.20195
40 72 0.853754
41 73 -0.560047
42 74 1.60346
43 75 1.60317
44 76 2.19198
45 77 -1.23566
46 78 1.19448
47 79 1.09453
48 80 -0.116491
49 81 1.49359
50 82 -0.60329
51 83 1.22898
52 84 1.89049
53 85 0.805501
54 86 0.0302906
55 87 0.965078
56 88 -0.0847176
57 89 0.879894
58 90 1.60387
59 91 0.713533
60 92 1.87711
61 93 0.291836
62 94 -0.002794
63 95 0.896748
64 96 0.848926
65 97 0.573595
66 98 0.164957
67 99 -0.669091
68 100 0.558549
69 101 1.05245
70 102 1.12313
71 103 0.321902
72 104 0.755199
73 105 2.16958
74 106 1.22039
75 107 1.58664
76 108 7.26e-05
77 109 -0.765195
78 110 1.81407
79 111 0.881879
80 112 0.889725
81 113 2.91064
82 114 0.534335
83 115 0.816763
84 116 -0.103723
85 117 -0.145739
86 118 2.32388
87 119 2.17678
88 120 -0.680815
89 121 0.194442
90 122 0.687353
91 123 1.9132
92 124 0.53488
93 125 0.30857
94 126 1.50904
95 127 -0.216207
96 128 -0.0731209
97 129 1.1113
98 130 1.80085
99 131 1.78299
100 132 1.28579
101 133 -0.418283
102 134 -0.183674
103 135 0.0925175
104 136 1.34657
105 137 0.361179
106 138 -0.0823113
107 139 0.101463
108 140 0.324938
109 141 0.144049
110 142 0.624762
111 143 1.12926
112 144 0.176768
113 145 0.175156
114 146 0.60127
115 147 1.28001
116 148 0.351539
117 149 2.25274
118 150 0.745679
119 151 0.48147
120 152 -0.348885
121 153 1.55037
122 154 0.843373
123 155 -0.346993
124 156 1.74418
125 157 -0.224792
126 158 1.34818
127 159 1.50126
128 160 1.32781
129 161 0.296491
130 162 1.02428
131 163 0.270467
132 164 0.722682
133 165 1.65395
134 166 0.608718
135 167 1.45254
136 168 0.606316
137 169 -0.455468
138 170 1.49243
139 171 0.0061796
140 172 0.935965
141 173 -0.351691
142 174 0.264698
143 175 1.51118
144 176 0.492945
145 177 0.0533905
146 178 0.938723
147 179 0.695619
148 180 0.218409
149 181 -0.126496
150 182 0.534447
151 183 1.72194
152 184 0.498599
153 185 0.188536
154 186 0.695708
155 187 1.05762
156 188 0.997504
157 189 0.860115
158 190 -0.0400325
159 191 0.126794
160 192 0.28926
161 193 1.34416
162 194 0.960797
163 195 -0.124898
164 196 1.44254
165 197 1.52985
166 198 0.853544
167 199 0.188263
168 200 0.184537
169 201 0.123362
170 202 0.0671631
171 203 1.27871
172 204 -0.456827
173 205 1.47297
174 206 -0.163455
175 207 0.23461
176 208 0.896231
177 209 1.39273
178 210 1.15179
179 211 -0.387234
180 212 1.61553
181 213 -0.961579
182 214 1.27714
183 215 0.621844
184 216 0.760872
185 217 1.40179
186 218 -0.271425
187 219 0.631441
188 220 0.595198
189 221 1.24643
190 222 -0.211414
191 223 0.768507
192 224 1.06289
193 225 1.93166
194 226 1.55521
195 227 -0.173006
196 228 0.610054
197 229 0.17824
198 230 -0.172874
199 231 0.135661
200 232 -0.167964
201 233 0.558367
202 234 0.815112
203 235 0.433281
204 236 -0.082113
205 237 -1.96758
206 238 1.62178
207 239 1.19296
208 240 -0.486185
209 241 1.72874
210 242 -0.130147
211 243 2.11251
212 244 0.795392
213 245 1.21566
214 246 0.195854
215 247 -0.803723
216 248 1.34059
217 249 1.13549
218 250 1.60162
219 251 1.35957
220 252 0.361302
221 253 -0.338031
222 254 1.41411
223 255 0.797106
224 256 -0.0698631
225 257 -0.178828
226 258 0.358212
227 259 1.13737
228 260 0.270946
229 261 0.306464
230 262 0.436696
231 263 1.36443
232 264 0.547993
233 265 0.765165
234 266 0.559362
235 267 1.57126
236 268 2.02581
237 269 -0.0116689
238 270 0.867365
239 271 1.07546
240 272 1.00182
241 273 0.575573
242 274 1.6841
243 275 -0.468461
244 276 0.513855
245 277 1.53858
246 278 0.552292
247 279 1.03196
248 280 0.676048
249 281 1.25286
250 282 0.0428783
251 283 0.683137
252 284 -0.817514
253 285 0.455209
254 286 1.09485
255 287 1.18612
256 288 0.553477
257 289 1.33919
258 290 1.07658
259 291 0.299429
260 292 -0.0668649
261 293 0.329431
262 294 0.892081
263 295 -0.82253
264 296 -0.312049
265 297 1.73434
266 298 1.243
267 299 0.298833
268 300 0.0689008
269 301 0.358651
270 302 1.34852
271 303 0.164164
272 304 2.76801
273 305 1.42204
274 306 1.78529
275 307 1.31544
276 308 0.712909
277 309 -0.481765
278 310 0.6023
279 311 0.242124
280 312 -0.575804
281 313 0.862569
282 314 1.51369
283 315 0.305761
284 316 1.02098
285 317 1.34186
286 318 1.10451
287 319 1.08187
288 320 0.112081
289 321 1.87998
290 322 2.41622
291 323 0.490065
292 324 1.04564
293 325 0.39241
294 326 0.203648
295 327 -0.440601
296 328 0.127271
297 329 1.27179
298 330 0.580883
299 331 1.1173
300 332 0.19125
301 333 1.0526
302 334 -0.689084
303 335 0.389632
304 336 1.67545
305 337 1.12095
306 338 0.219937
307 339 0.405259
308 340 0.122424
309 341 0.384176
310 342 1.44233
311 343 -0.725972
312 344 0.780596
313 345 -0.0768332
314 346 1.5027
315 347 -0.199887
316 348 1.56069
317 349 1.3533
318 350 -0.139267
319 351 -0.515205
320 352 0.584857
321 353 0.274826
322 354 0.0176251
323 355 0.0855366
324 356 0.114842
325 357 0.666828
326 358 0.944387
327 359 0.455955
328 360 0.120381
329 361 1.00643
330 362 0.353375
331 363 0.365811
332 364 0.593167
333 365 0.627513
334 366 -0.385994
335 367 -0.107191
336 368 0.373327
337 369 2.07034
338 370 0.371607
339 371 0.0787174
340 372 -0.741592
341 373 1.48991
342 374 -0.689914
343 375 0.401454
344 376 0.550173
345 377 1.19937
346 378 1.87363
347 379 -0.540198
348 380 0.346546
349 381 1.27944
350 382 -0.501254
351 383 0.0622349
352 384 0.707339
353 385 -0.171451
354 386 1.09644
355 387 1.80282
356 388 -0.533038
357 389 0.496851
358 390 0.105136
359 391 -0.422077
360 392 0.632519
361 393 -0.103735
362 394 0.496933
363 395 0.752103
364 396 0.12068
365 397 -0.0217136
366 398 1.86029
367 399 0.219833
368 400 1.77405
369 401 0.694736
370 402 0.496078
371 403 2.11087
372 404 1.2357
373 405 0.992605
374 406 -0.157732
375 407 0.408738
376 408 0.755458
377 409 -0.0178831
378 410 0.840798
379 411 1.27991
380 412 0.0822276
381 413 -0.193051
382 414 1.15238
383 415 1.07885
384 416 -0.0846197
385 417 1.57817
386 418 0.741842
387 419 0.795154
388 420 0.803181
389 421 0.881122
390 422 0.938988
391 423 1.02463
392 424 0.918486
393 425 0.576682
394 426 -0.215439
395 427 0.187075
396 428 1.02381
397 429 1.94657
398 430 0.815279
399 431 0.508487
400 432 0.767455
401 433 -0.169759
402 434 1.05373
403 435 -0.277638
404 436 2.1354
405 437 0.0918643
406 438 -0.522661
407 439 0.692187
408 440 0.573823
409 441 0.534022
410 442 1.1773
411 443 -0.523204
412 444 -0.646976
413 445 2.24794
414 446 -0.0848541
415 447 1.23938
416 448 -0.204704
417 449 0.0036448
418 450 0.556584
419 451 0.314301
420 452 0.943815
421 453 0.0272577
422 454 0.254921
423 455 -0.0472953
424 456 0.656638
425 457 0.426737
426 458 1.85429
427 459 -0.0042627
428 460 0.65626
429 461 2.15327
430 462 0.0414669
431 463 0.878792
432 464 0.954397
433 465 1.02149
434 466 0.723402
435 467 0.164561
436 468 -0.199751
437 469 -0.126842
438 470 1.84285
439 471 0.591204
440 472 0.304788
441 473 0.0859686
442 474 -0.308863
443 475 1.82968
444 476 1.00906
445 477 1.05992
446 478 0.831526
447 479 0.087135
448 480 -0.0912757
449 481 2.04469
450 482 0.544723
451 483 -0.0483895
452 484 -0.452911
453 485 -0.880999
454 486 1.80394
455 487 0.0993146
456 488 0.987462
457 489 1.25088
458 490 -0.321935
459 491 1.4494
460 492 1.3775
461 493 0.0622981
462 494 -0.393238
463 495 1.21799
464 496 1.38001
465 497 0.546274
466 498 0.807647
467 499 0.81354
468 500 1.59434
469 501 1.5545
470 502 0.763495
471 503 -0.560258
472 504 0.807606
473 505 0.446129
474 506 0.159402
475 507 1.66927
476 508 0.982018
477 509 -0.0714477
478 510 0.375849
479 511 -0.232906
480 512 0.75843
481 513 0.901827
482 514 1.19691
483 515 0.654198
484 516 1.63066
485 517 0.450731
486 518 -0.3118
487 519 0.813496
488 520 0.488063
489 521 0.128436
490 522 0.519367
491 523 1.15848
492 524 0.704292
493 525 0.515429
494 526 0.758017
495 527 0.990683
496 528 2.12145
497 529 0.242398
498 530 1.1398
499 531 0.454321
500 532 0.704611
501 533 0.746036
502 534 -0.0239141
503 535 0.185211
504 536 -0.301832
505 537 0.283464
506 538 0.441377
507 539 0.97193
508 540 1.21037
509 541 0.210377
510 542 1.11816
511 543 1.37975
512 544 0.529701
513 545 1.8203
514 546 0.201011
515 547 -0.104659
516 548 0.61116
517 549 0.449247
518 550 1.41373
519 551 -0.139176
520 552 -0.171071
521 553 1.22298
522 554 0.478053
523 555 0.34033
524 556 0.691008
525 557 -0.258088
526 558 1.42712
527 559 1.0653
528 560 0.521361
529 561 0.869801
530 562 -0.274634
531 563 0.937466
532 564 0.498849
533 565 0.394908
534 566 -0.185098
535 567 0.830835
536 568 -0.0488971
537 569 1.15743
538 570 0.534111
539 571 0.104096
540 572 0.829367
541 573 -1.32772
542 574 1.21264
543 575 1.72024
544 576 1.61307
545 577 1.8291
546 578 0.708153
547 579 0.760388
548 580 0.348296
549 581 2.58154
550 582 1.46558
551 583 1.9927
552 584 0.775037
553 585 -1.07174
554 586 0.824331
555 587 1.11727
556 588 0.198151
557 589 0.0810063
558 590 0.138954
559 591 0.724829
560 592 0.950485
561 593 1.56057
562 594 0.660027
563 595 0.356957
564 596 2.11158
565 597 0.614902
566 598 1.07317
567 599 0.337197
568 600 0.0015255
569 601 0.552634
570 602 1.63869
571 603 0.288357
572 604 0.0813643
573 605 0.434012
574 606 2.0928
575 607 0.208309
576 608 0.168284
577 609 0.442483
578 610 1.7056
579 611 0.932214
580 612 0.297823
581 613 2.55488
582 614 0.449057
583 615 -0.815703
584 616 0.841088
585 617 0.996764
586 618 0.287489
587 619 0.825688
588 620 0.993367
589 621 1.26934
590 622 1.6466
591 623 0.293539
592 624 0.148967
593 625 1.407
594 626 0.83948
595 627 1.75115
596 628 1.77314
597 629 0.546806
598 630 -0.0664661
599 631 2.28478
600 632 -0.0551439
601 633 0.859402
602 634 1.50954
603 635 1.11236
604 636 -0.528235
605 637 1.40387
606 638 1.00664
607 639 -0.0749798
608 640 2.33657
609 641 2.38103
610 642 0.747055
611 643 0.0886958
612 644 -0.613552
613 645 0.509642
614 646 0.335947
615 647 1.13652
616 648 0.120992
617 649 0.200659
618 650 -0.135003
619 651 0.275595
620 652 0.672123
621 653 2.75907
622 654 0.645529
623 655 1.0552
624 656 1.35091
625 657 0.0221399
626 658 0.0628771
627 659 1.24733
628 660 0.106703
629 661 -0.283696
630 662 0.302303
631 663 0.105704
632 664 0.237556
633 665 0.782802
634 666 0.679228
635 667 -0.400934
636 668 0.564952
637 669 1.08737
638 670 0.448317
639 671 0.767962
640 672 0.416455
641 673 0.976284
642 674 0.56185
643 675 -0.7932
644 676 0.592256
645 677 0.610488
646 678 1.79195
647 679 1.61968
648 680 2.05259
649 681 1.17234
650 682 1.9213
651 683 0.560402
652 684 0.303103
653 685 0.540109
654 686 0.414146
655 687 0.0535445
656 688 0.0998751
657 689 0.265363
658 690 0.0741263
659 691 -0.522133
660 692 -0.489577
661 693 0.374212
662 694 1.72021
663 695 2.57982
664 696 0.504017
665 697 0.905378
666 698 0.659668
667 699 0.0949343
668 700 0.72295
669 701 0.559835
670 702 0.227247
671 703 2.19466
672 704 1.04758
673 705 0.945348
674 706 0.482148
675 707 2.55308
676 708 -0.0333436
677 709 0.806421
678 710 0.334895
679 711 1.13262
680 712 -0.767072
681 713 0.372764
682 714 0.206611
683 715 1.00571
684 716 0.21361
685 717 0.76689
686 718 -0.381723
687 719 0.94873
688 720 0.674534
689 721 2.16903
690 722 0.529829
691 723 0.788253
692 724 1.57435
693 725 0.0847929
694 726 -0.199235
695 727 0.0386345
696 728 0.978119
697 729 0.875358
698 730 -0.207401
699 731 0.880476
700 732 -0.0610498
701 733 1.54109
702 734 1.19592
703 735 -0.451111
704 736 1.53031
705 737 0.376379
706 738 0.22613
707 739 1.35694
708 740 1.26051
709 741 -0.313589
710 742 1.09097
711 743 0.928093
712 744 0.126613
713 745 0.95869
714 746 0.707387
715 747 1.20616
716 748 0.580267
717 749 0.897732
718 750 -0.0088105
719 751 0.0787805
720 752 1.87566
721 753 0.0557936
722 754 -0.567739
723 755 1.14391
724 756 0.514558
725 757 0.965926
726 758 0.87736
727 759 -0.0742186
728 760 0.425496
729 761 2.35567
730 762 0.717758
731 763 0.760835
732 764 0.577918
733 765 -0.362911
734 766 0.909393
735 767 0.756334
736 768 0.798684
737 769 0.572602
738 770 0.0832971
739 771 0.830672
740 772 -0.0017226
741 773 1.228
742 774 0.917423
743 775 0.450789
744 776 0.711844
745 777 0.47215
746 778 0.385124
747 779 0.278432
748 780 -0.158283
749 781 0.453118
750 782 -0.213017
751 783 -0.141225
752 784 -0.399631
753 785 1.50022
754 786 0.468014
755 787 0.212582
756 788 0.582299
757 789 2.18497
758 790 1.1641
759 791 0.22635
760 792 0.180851
761 793 1.80779
762 794 1.54842
763 795 -0.0067059
764 796 0.0201676
765 797 1.0594
766 798 0.39024
767 799 -0.616336
768 800 0.396949
769 801 1.95951
770 802 0.733697
771 803 0.601655
772 804 0.409188
773 805 0.0938457
774 806 0.138324
775 807 0.487004
776 808 1.36463
777 809 1.13048
778 810 0.395736
779 811 0.0202415
780 812 0.932702
781 813 1.4731
782 814 0.0837795
783 815 0.174069
784 816 -0.157984
785 817 1.38078
786 818 0.476933
787 819 2.3108
788 820 0.653007
789 821 -0.697359
790 822 1.40056
791 823 2.04258
792 824 0.793323
793 825 1.78158
794 826 1.11219
795 827 -0.690224
796 828 0.0507796
797 829 1.08724
798 830 1.3542
799 831 1.10475
800 832 0.443444
801 833 2.63593
802 834 -0.455179
803 835 1.68186
804 836 0.621789
805 837 1.94558
806 838 0.394987
807 839 0.462567
808 840 1.11086
809 841 1.18262
810 842 0.644927
811 843 0.422374
812 844 0.343522
813 845 0.790491
814 846 2.24478
815 847 0.328174
816 848 0.689339
817 849 0.883081
818 850 0.475202
819 851 1.00003
820 852 -0.527957
821 853 1.13911
822 854 0.716311
823 855 0.470012
824 856 -0.139552
825 857 0.624255
826 858 -0.0439241
827 859 1.70619
828 860 0.995273
829 861 1.10389
830 862 0.350301
831 863 1.31697
832 864 0.270926
833 865 1.80344
834 866 0.847054
835 867 -0.388703
836 868 0.481339
837 869 0.906637
838 870 0.96265
839 871 1.12399
840 872 0.411484
841 873 1.80613
842 874 -0.96014
843 875 0.396742
844 876 -0.428767
845 877 -0.0947963
846 878 -0.002497
847 879 0.111476
848 880 0.0574338
849 881 1.82276
850 882 0.357575
851 883 0.767451
852 884 0.326513
853 885 0.114309
854 886 0.855088
855 887 0.573487
856 888 0.858398
857 889 0.918291
858 890 0.663817
859 891 0.137812
860 892 1.17958
861 893 1.07075
862 894 1.64001
863 895 0.404463
864 896 1.51484
865 897 0.680441
866 898 0.573284
867 899 1.00596
868 900 0.894817
869 901 -0.915119
870 902 1.15408
871 903 1.10377
872 904 1.76309
873 905 -0.193661
874 906 1.95004
875 907 0.80117
876 908 0.280044
877 909 0.636808
878 910 0.174159
879 911 0.392656
880 912 0.990677
881 913 -0.623147
882 914 0.551248
883 915 0.992045
884 916 0.61477
885 917 2.03823
886 918 1.30013
887 919 0.475949
888 920 0.269872
889 921 0.498337
890 922 0.969014
891 923 0.683392
892 924 0.187203
893 925 2.21072
894 926 0.754176
895 927 2.1995
896 928 0.127726
897 929 0.866031
898 930 0.89906
899 931 0.230794
900 932 1.21891
901 933 1.56956
902 934 -0.175444
903 935 0.243383
904 936 0.934451
905 937 1.06332
906 938 -0.0917127
907 939 0.925149
908 940 -1.13101
909 941 0.550447
910 942 1.00352
911 943 0.147285
912 944 -0.463341
913 945 1.80287
914 946 1.36036
915 947 0.735384
916 948 1.50557
917 949 0.937326
918 950 1.9457
919 951 1.75354
920 952 0.277506
921 953 -1.02484
922 954 1.13428
923 955 0.932096
924 956 0.315612
925 957 0.985142
926 958 -0.275256
927 959 -0.569009
928 960 0.399023
929 961 0.303379
930 962 -0.012224
931 963 0.0271997
932 964 0.67814
933 965 0.515429
934 966 0.323126
935 967 1.53643
936 968 1.66044
937 969 0.338047
938 970 0.952971
939 971 0.353158
940 972 1.15581
941 973 -0.191431
942 974 1.29903
943 975 0.0550452
944 976 -0.376493
945 977 0.575426
946 978 1.556
947 979 -0.0345873
948 980 2.11213
949 981 1.23203
950 982 -0.52037
951 983 0.202342
952 984 0.107223
953 985 1.60272
954 986 -0.531267
955 987 2.6745
956 988 2.587
957 989 0.951474
958 990 1.28817
959 991 0.614284
960 992 1.33145
961 993 0.605016
962 994 0.671519
963 995 1.58501
964 996 -0.39429
965 997 0.527082
966 998 -0.556635
967 999 1.47982
968 1000 0.520355
969 1001 0.592685
970 1002 -0.237387
971 1003 -0.864423
972 1004 0.521896
973 1005 0.513648
974 1006 2.54408
975 1007 0.575756
976 1008 1.34154
977 1009 0.235203
978 1010 0.590686
979 1011 0.0032261
980 1012 -0.425869
981 1013 0.82869
982 1014 2.03945
983 1015 0.83448
984 1016 0.667834
985 1017 1.17488
986 1018 1.33105
987 1019 1.20722
988 1020 0.138734
989 1021 0.870893
990 1022 -0.169297
991 1023 0.733359
992 1024 2.13622
993 1 0
994 2 0
995 3 0
996 4 0
997 5 0
998 6 0
999 7 0
1000 8 0
1001 9 0
1002 10 0
1003 11 0
1004 12 0
1005 13 0
1006 14 0
1007 15 0
1008 16 0
1009 17 0
1010 18 0
1011 19 0
1012 20 0
1013 21 0
1014 22 0
1015 23 0
1016 24 0
1017 25 0
1018 26 0
1019 27 0
1020 28 0
1021 29 0
1022 30 0
1023 31 0
1024 32 0
