1 2 1.67848
2 3 0.790456
3 4 1.12495
4 5 1.88835
5 6 0.427164
6 7 0.291319
7 8 0.997873
8 9 -0.190099
9 10 1.60855
10 11 0.842142
11 12 1.05694
12 13 0.417705
13 14 1.72434
14 15 1.81395
15 16 0.188308
16 17 1.16045
17 18 1.28153
18 19 0.897057
19 20 1.17921
20 21 1.294
21 22 3.48344
22 23 2.03908
23 24 1.03566
24 25 0.5236
25 26 -0.14813
26 27 -0.469364
27 28 0.390741
28 29 1.31019
29 30 0.777135
30 31 1.02525
31 32 1.85399
32 1 0
33 34 1.25501
34 35 -0.600837
35 36 2.48633
36 37 0.0655834
37 38 0.252743
38 39 1.23793
39 40 0.288579
40 41 0.314552
41 42 0.33256
42 43 0.0322097
43 44 0.629907
44 45 0.424269
45 46 0.435393
46 47 0.655454
47 48 0.29237
48 49 0.240772
49 50 1.10545
50 51 1.4068
51 52 0.409936
52 53 0.250028
53 54 0.649752
54 55 0.679663
55 56 -0.71293
56 57 0.499949
57 58 0.751128
58 59 1.0517
59 60 0.222559
60 61 0.393766
61 62 0.228437
62 63 0.873244
63 64 -0.280769
64 33 0
65 66 1.25717
66 67 -0.874829
67 68 1.65834
68 69 0.327103
69 70 0.125874
70 71 -0.052231
71 72 -0.441242
72 73 0.406164
73 74 0.60685
74 75 0.673259
75 76 0.266785
76 77 0.673382
77 78 0.903605
78 79 2.23617
79 80 0.776845
80 81 1.03822
81 82 0.375682
82 83 0.207729
83 84 1.36651
84 85 0.938186
85 86 0.353956
86 87 1.72156
87 88 0.84971
88 89 0.678067
89 90 2.5391
90 91 -0.657859
91 92 1.46882
92 93 2.85551
93 94 1.56419
94 95 1.28128
95 96 0.11746
96 65 0
97 98 0.308128
98 99 0.589354
99 100 0.0528976
100 101 0.882921
101 102 0.0792786
102 103 0.43091
103 104 0.047396
104 105 0.732197
105 106 -0.182858
106 107 0.777074
107 108 1.24785
108 109 0.401773
109 110 1.27344
110 111 1.1216
111 112 -0.164576
112 113 0.870422
113 114 0.423671
114 115 1.01542
115 116 0.0232849
116 117 -0.517084
117 118 2.19888
118 119 0.475329
119 120 0.313107
120 121 0.201687
121 122 0.169326
122 123 0.612881
123 124 -0.545545
124 125 -0.198534
125 126 0.108427
126 127 0.11658
127 128 -1.03939
128 97 0
129 130 1.24563
130 131 0.983603
131 132 1.55222
132 133 1.70894
133 134 0.236418
134 135 0.900543
135 136 2.06042
136 137 -0.441203
137 138 1.00474
138 139 -0.0735469
139 140 -0.695959
140 141 1.57916
141 142 0.0381299
142 143 -0.415179
143 144 0.17239
144 145 0.0902367
145 146 -0.211473
146 147 -0.0225402
147 148 -0.621545
148 149 0.790789
149 150 1.81454
150 151 0.305242
151 152 0.303612
152 153 0.891466
153 154 1.30822
154 155 -0.618789
155 156 2.01
156 157 1.11018
157 158 0.512698
158 159 -0.0847231
159 160 1.47441
160 129 0
161 162 -0.0699054
162 163 0.262623
163 164 1.06401
164 165 -0.165744
165 166 0.346845
166 167 1.53515
167 168 0.0175524
168 169 0.990042
169 170 0.877917
170 171 -0.762069
171 172 1.17961
172 173 -0.499775
173 174 1.8482
174 175 1.33004
175 176 0.467795
176 177 -0.147416
177 178 1.34973
178 179 0.890007
179 180 0.9789
180 181 1.47086
181 182 -0.331515
182 183 0.316804
183 184 0.948105
184 185 1.08405
185 186 1.51374
186 187 1.38931
187 188 0.0198721
188 189 0.0809018
189 190 -0.991577
190 191 0.813813
191 192 0.907855
192 161 0
193 194 0.517483
194 195 0.0450609
195 196 0.59598
196 197 0.918151
197 198 -0.0144481
198 199 1.31423
199 200 1.1088
200 201 -0.458399
201 202 0.475514
202 203 0.484595
203 204 0.473819
204 205 0.247552
205 206 0.234613
206 207 1.90321
207 208 1.32984
208 209 0.67299
209 210 0.699609
210 211 0.352235
211 212 0.370345
212 213 2.01038
213 214 -0.108095
214 215 1.26256
215 216 1.13667
216 217 0.729061
217 218 -0.23921
218 219 0.685266
219 220 -0.589032
220 221 -0.22619
221 222 1.52075
222 223 0.540676
223 224 -0.246792
224 193 0
225 226 -0.911293
226 227 1.21136
227 228 0.566987
228 229 0.297272
229 230 0.621239
230 231 2.74017
231 232 -0.468672
232 233 1.29
233 234 2.24491
234 235 0.396848
235 236 0.9423
236 237 0.760811
237 238 0.357291
238 239 0.50409
239 240 0.0682287
240 241 -0.40755
241 242 0.463029
242 243 0.240462
243 244 2.40625
244 245 -0.666818
245 246 0.157636
246 247 0.265803
247 248 1.57788
248 249 0.0030717
249 250 0.22189
250 251 0.695492
251 252 0.154011
252 253 1.60417
253 254 -0.914846
254 255 0.171902
255 256 0.837102
256 225 0
257 258 0.447451
258 259 1.24826
259 260 0.0193796
260 261 0.472232
261 262 0.334122
262 263 0.724169
263 264 0.513583
264 265 -0.193547
265 266 1.97338
266 267 1.15695
267 268 0.682269
268 269 0.441536
269 270 1.32331
270 271 1.35837
271 272 1.87326
272 273 0.118474
273 274 0.313936
274 275 1.57963
275 276 0.209677
276 277 1.1438
277 278 0.465353
278 279 -0.386645
279 280 0.138118
280 281 0.971195
281 282 0.449262
282 283 0.0283943
283 284 0.664107
284 285 1.56899
285 286 1.22468
286 287 1.52695
287 288 -0.396026
288 257 0
289 290 1.22818
290 291 -0.748689
291 292 1.15836
292 293 1.62047
293 294 1.09511
294 295 1.17051
295 296 1.28179
296 297 1.14126
297 298 0.707014
298 299 0.999945
299 300 -0.0299755
300 301 1.17546
301 302 0.802548
302 303 1.1046
303 304 0.925754
304 305 1.50973
305 306 0.0039873
306 307 0.354933
307 308 0.549098
308 309 0.860508
309 310 0.68306
310 311 1.24963
311 312 -0.393154
312 313 0.603367
313 314 -0.01654
314 315 0.212361
315 316 0.966317
316 317 -0.14775
317 318 1.74967
318 319 2.38321
319 320 0.325382
320 289 0
321 322 0.775171
322 323 2.43884
323 324 0.0714219
324 325 -0.499063
325 326 0.167371
326 327 -0.105412
327 328 0.698554
328 329 0.716757
329 330 0.143742
330 331 -0.869775
331 332 1.66958
332 333 0.423868
333 334 0.927934
334 335 -0.277565
335 336 2.44835
336 337 0.0952604
337 338 0.602781
338 339 1.25161
339 340 1.54602
340 341 0.074398
341 342 0.505924
342 343 1.12405
343 344 0.479551
344 345 0.221593
345 346 -0.0556886
346 347 0.477953
347 348 1.2599
348 349 1.37068
349 350 1.22772
350 351 0.87549
351 352 1.30797
352 321 0
353 354 0.831888
354 355 0.478906
355 356 1.07212
356 357 1.48959
357 358 1.04487
358 359 1.39416
359 360 -0.66981
360 361 0.169797
361 362 0.46343
362 363 1.12813
363 364 0.805644
364 365 0.892994
365 366 -0.155376
366 367 0.823622
367 368 -0.358737
368 369 1.46002
369 370 -0.199904
370 371 -0.0713942
371 372 0.762657
372 373 1.74714
373 374 1.70063
374 375 0.407591
375 376 0.589358
376 377 0.33245
377 378 0.772485
378 379 2.49527
379 380 -1.37407
380 381 0.864694
381 382 0.768616
382 383 1.05028
383 384 1.09662
384 353 0
385 386 -0.496442
386 387 1.21943
387 388 0.852236
388 389 -0.21424
389 390 0.236681
390 391 0.455696
391 392 0.385374
392 393 1.05259
393 394 2.06927
394 395 0.942974
395 396 0.306926
396 397 1.00527
397 398 0.0637191
398 399 0.142645
399 400 1.75114
400 401 -0.515712
401 402 0.292475
402 403 0.492714
403 404 0.724778
404 405 1.13303
405 406 0.359262
406 407 0.467545
407 408 1.30341
408 409 0.916467
409 410 1.12962
410 411 0.883635
411 412 0.301807
412 413 0.970682
413 414 -0.194276
414 415 0.573088
415 416 0.0781175
416 385 0
417 418 0.442746
418 419 -0.31005
419 420 0.931961
420 421 0.332219
421 422 0.272436
422 423 1.16952
423 424 0.412988
424 425 -0.112936
425 426 1.04426
426 427 1.67729
427 428 -0.137966
428 429 1.63167
429 430 0.153497
430 431 0.883866
431 432 -0.790369
432 433 0.900509
433 434 0.0033371
434 435 1.46572
435 436 -0.2509
436 437 1.77833
437 438 2.0982
438 439 -0.526722
439 440 0.758965
440 441 -0.205518
441 442 0.0926964
442 443 1.0591
443 444 -0.0318465
444 445 1.94668
445 446 0.461907
446 447 0.579165
447 448 0.401709
448 417 0
449 450 1.48981
450 451 1.6209
451 452 1.23727
452 453 0.535058
453 454 0.768555
454 455 0.41075
455 456 0.532491
456 457 0.627187
457 458 0.282761
458 459 0.222038
459 460 0.259461
460 461 1.35109
461 462 0.666514
462 463 0.400304
463 464 -1.16572
464 465 1.25195
465 466 -0.134508
466 467 0.293931
467 468 0.140691
468 469 1.03471
469 470 0.912115
470 471 -0.265555
471 472 0.684436
472 473 0.341201
473 474 0.243626
474 475 0.861729
475 476 -0.31695
476 477 0.612764
477 478 0.266058
478 479 0.540855
479 480 0.36874
480 449 0
481 482 2.19925
482 483 0.993985
483 484 0.306986
484 485 0.712881
485 486 -0.0371197
486 487 1.68465
487 488 0.247149
488 489 1.5039
489 490 2.10472
490 491 -0.14085
491 492 1.97816
492 493 1.19574
493 494 -0.662834
494 495 0.729648
495 496 0.53642
496 497 0.518114
497 498 0.498422
498 499 0.34059
499 500 0.159387
500 501 1.14304
501 502 1.07049
502 503 0.726612
503 504 1.4866
504 505 0.540186
505 506 0.163215
506 507 2.03752
507 508 1.68123
508 509 1.07661
509 510 -0.180728
510 511 0.373228
511 512 1.54039
512 481 0
513 514 1.64383
514 515 -0.655047
515 516 0.646073
516 517 0.608838
517 518 0.0285213
518 519 0.452396
519 520 -0.567812
520 521 -0.462179
521 522 -0.0920562
522 523 0.127133
523 524 0.270121
524 525 0.165176
525 526 1.77632
526 527 0.958807
527 528 -0.0120125
528 529 0.464332
529 530 0.546381
530 531 2.06166
531 532 0.487066
532 533 0.688582
533 534 1.8505
534 535 1.05997
535 536 0.254666
536 537 0.918625
537 538 0.0077805
538 539 -0.239855
539 540 1.26963
540 541 1.97962
541 542 0.335241
542 543 0.938809
543 544 -0.0491708
544 513 0
545 546 0.242735
546 547 0.695085
547 548 -0.792041
548 549 1.03938
549 550 -0.029583
550 551 0.498213
551 552 1.513
552 553 1.31051
553 554 0.325863
554 555 -0.228371
555 556 -1.54708
556 557 0.314031
557 558 -0.365243
558 559 -0.186429
559 560 0.324282
560 561 1.55656
561 562 -0.398571
562 563 0.171451
563 564 -0.223774
564 565 1.00218
565 566 0.119446
566 567 0.74639
567 568 1.2492
568 569 0.489725
569 570 -0.0535971
570 571 -0.157825
571 572 0.127461
572 573 1.01945
573 574 2.06027
574 575 1.25235
575 576 0.677815
576 545 0
577 578 -0.472807
578 579 1.80811
579 580 0.882466
580 581 0.519304
581 582 0.203443
582 583 1.18414
583 584 0.35133
584 585 0.410909
585 586 1.51298
586 587 0.92936
587 588 1.15212
588 589 0.755982
589 590 0.551467
590 591 1.21914
591 592 -0.108859
592 593 -0.0764373
593 594 1.05246
594 595 1.17419
595 596 -0.251126
596 597 0.433347
597 598 -0.311515
598 599 0.560878
599 600 0.891168
600 601 2.05545
601 602 0.0113033
602 603 -0.150136
603 604 0.121086
604 605 0.406048
605 606 0.357564
606 607 0.322174
607 608 0.117545
608 577 0
609 610 2.21912
610 611 1.36174
611 612 0.378751
612 613 0.798656
613 614 0.851695
614 615 -0.245766
615 616 2.15517
616 617 0.247733
617 618 1.70689
618 619 0.249492
619 620 0.148531
620 621 -0.145969
621 622 1.06339
622 623 -0.190257
623 624 0.723209
624 625 0.945792
625 626 0.910032
626 627 0.710107
627 628 0.124439
628 629 1.6809
629 630 1.63064
630 631 0.0713545
631 632 0.261177
632 633 -0.147714
633 634 0.345928
634 635 0.510916
635 636 0.467574
636 637 1.08681
637 638 1.00881
638 639 1.1761
639 640 0.460299
640 609 0
641 642 0.349511
642 643 2.49594
643 644 1.75131
644 645 -0.46292
645 646 0.744691
646 647 1.35407
647 648 0.765617
648 649 0.908414
649 650 -0.709914
650 651 0.145009
651 652 0.605038
652 653 0.408527
653 654 0.927435
654 655 0.732533
655 656 0.953642
656 657 0.394385
657 658 -0.0397202
658 659 0.299731
659 660 0.257775
660 661 -0.305636
661 662 1.44984
662 663 0.722208
663 664 0.411889
664 665 1.76728
665 666 0.932037
666 667 1.33457
667 668 1.62666
668 669 0.736093
669 670 1.28007
670 671 -0.304416
671 672 0.550768
672 641 0
673 674 0.543368
674 675 -0.262851
675 676 0.412639
676 677 0.645991
677 678 -0.0720339
678 679 0.0406062
679 680 1.12757
680 681 0.548519
681 682 2.23644
682 683 -0.716652
683 684 1.64689
684 685 0.100549
685 686 0.790379
686 687 -0.766713
687 688 -1.03612
688 689 1.20887
689 690 0.633864
690 691 0.262768
691 692 -0.0727417
692 693 0.277627
693 694 1.94286
694 695 1.30168
695 696 -0.293998
696 697 -0.711089
697 698 -0.0311069
698 699 -0.958322
699 700 0.704605
700 701 0.393915
701 702 0.825619
702 703 0.794205
703 704 1.01102
704 673 0
705 706 -0.964985
706 707 0.62462
707 708 1.75383
708 709 1.04937
709 710 0.365436
710 711 1.03743
711 712 0.270134
712 713 -0.218769
713 714 0.212862
714 715 -0.187767
715 716 1.37101
716 717 1.89091
717 718 1.04963
718 719 2.18594
719 720 2.91038
720 721 0.896864
721 722 0.0054117
722 723 -0.0694295
723 724 0.868087
724 725 0.210521
725 726 0.566194
726 727 1.06388
727 728 1.7496
728 729 0.970036
729 730 1.35535
730 731 1.00509
731 732 0.817473
732 733 0.207405
733 734 1.17645
734 735 1.56721
735 736 0.409011
736 705 0
737 738 1.66638
738 739 1.12239
739 740 0.349288
740 741 -1.0456
741 742 0.241992
742 743 0.707365
743 744 1.69375
744 745 0.406326
745 746 0.112089
746 747 1.00558
747 748 1.85564
748 749 -0.996487
749 750 0.804516
750 751 2.56784
751 752 1.01135
752 753 0.597338
753 754 -0.326559
754 755 0.979929
755 756 0.774082
756 757 2.12344
757 758 0.558445
758 759 -0.504047
759 760 0.283238
760 761 0.282093
761 762 1.8771
762 763 0.364513
763 764 1.11322
764 765 0.370029
765 766 0.769248
766 767 1.65331
767 768 -0.195305
768 737 0
769 770 0.389782
770 771 0.319594
771 772 -0.116884
772 773 0.461585
773 774 -0.0349138
774 775 0.812694
775 776 1.31196
776 777 2.08418
777 778 1.23911
778 779 -0.557963
779 780 0.706383
780 781 0.0397693
781 782 1.37617
782 783 1.99879
783 784 0.769891
784 785 0.736853
785 786 -0.496512
786 787 0.965834
787 788 1.32103
788 789 0.425727
789 790 1.50171
790 791 0.518542
791 792 0.629883
792 793 1.49957
793 794 0.219491
794 795 0.758323
795 796 0.963552
796 797 1.02862
797 798 0.187519
798 799 -0.0796167
799 800 0.538737
800 769 0
801 802 0.385708
802 803 2.87377
803 804 3.23019
804 805 0.210837
805 806 0.65432
806 807 -0.608545
807 808 1.43857
808 809 0.610658
809 810 0.63505
810 811 0.486465
811 812 0.878248
812 813 0.080002
813 814 -0.751537
814 815 0.407659
815 816 -0.363303
816 817 0.254713
817 818 1.61199
818 819 0.529937
819 820 -0.172332
820 821 1.17444
821 822 0.383567
822 823 1.24287
823 824 0.307949
824 825 0.302074
825 826 1.67756
826 827 1.10291
827 828 0.936796
828 829 2.12801
829 830 1.16355
830 831 0.179362
831 832 0.76113
832 801 0
833 834 0.397648
834 835 1.34628
835 836 0.792357
836 837 0.544734
837 838 0.896383
838 839 0.356362
839 840 0.344931
840 841 -0.228119
841 842 2.24535
842 843 0.480315
843 844 0.259811
844 845 1.01671
845 846 0.334622
846 847 2.16249
847 848 -0.0063654
848 849 0.306361
849 850 0.265298
850 851 -0.279232
851 852 -0.445893
852 853 1.46861
853 854 0.431804
854 855 0.880193
855 856 0.347394
856 857 1.77254
857 858 -0.45214
858 859 0.674172
859 860 0.637442
860 861 0.685817
861 862 0.383145
862 863 3.69524
863 864 0.663447
864 833 0
865 866 0.503133
866 867 1.48014
867 868 -0.359019
868 869 0.149675
869 870 -1.02016
870 871 0.530455
871 872 -0.188462
872 873 0.663061
873 874 1.69092
874 875 0.300631
875 876 -0.239491
876 877 0.358189
877 878 -0.39826
878 879 -0.322508
879 880 -0.780317
880 881 0.0417754
881 882 0.0505686
882 883 2.01243
883 884 0.805291
884 885 0.0861383
885 886 0.451362
886 887 0.714655
887 888 0.237295
888 889 0.20576
889 890 0.74476
890 891 2.64683
891 892 1.61981
892 893 0.10444
893 894 -0.39913
894 895 -0.0732698
895 896 1.27792
896 865 0
897 898 0.0860361
898 899 1.15644
899 900 1.17958
900 901 0.686675
901 902 1.37619
902 903 -0.068938
903 904 0.623014
904 905 0.0190832
905 906 -0.235271
906 907 0.697046
907 908 0.819425
908 909 -0.324439
909 910 1.31474
910 911 1.14797
911 912 0.194226
912 913 0.591744
913 914 1.10175
914 915 1.0272
915 916 2.01915
916 917 2.34271
917 918 -1.14653
918 919 1.87492
919 920 1.36156
920 921 0.238182
921 922 0.597901
922 923 1.46675
923 924 0.163532
924 925 1.62969
925 926 -0.253017
926 927 2.07354
927 928 0.743461
928 897 0
929 930 0.748788
930 931 -0.347774
931 932 -0.0547897
932 933 1.60986
933 934 1.45233
934 935 0.514365
935 936 -0.422221
936 937 0.524054
937 938 0.124328
938 939 1.84959
939 940 0.398915
940 941 1.31013
941 942 1.48227
942 943 0.156993
943 944 0.253848
944 945 0.551291
945 946 1.4518
946 947 0.165647
947 948 1.73954
948 949 1.05353
949 950 1.3442
950 951 -0.139555
951 952 2.20223
952 953 -0.0601321
953 954 0.953636
954 955 0.413402
955 956 0.443876
956 957 1.72024
957 958 1.09421
958 959 0.894445
959 960 1.45234
960 929 0
961 962 0.215047
962 963 -0.980329
963 964 0.0329157
964 965 0.237507
965 966 1.98613
966 967 0.0017231
967 968 0.594782
968 969 -0.312547
969 970 -0.95081
970 971 -0.541696
971 972 1.28453
972 973 0.310219
973 974 2.50369
974 975 -0.221286
975 976 0.557271
976 977 0.721713
977 978 0.043999
978 979 1.45842
979 980 0.609684
980 981 0.619259
981 982 -0.691297
982 983 1.46621
983 984 0.746329
984 985 0.801065
985 986 1.2925
986 987 0.616555
987 988 1.75417
988 989 1.60146
989 990 0.433462
990 991 1.58943
991 992 0.764918
992 961 0
993 994 1.16478
994 995 1.38087
995 996 0.0032159
996 997 -0.422203
997 998 1.50222
998 999 0.982082
999 1000 0.164152
1000 1001 0.522584
1001 1002 1.42147
1002 1003 0.0521427
1003 1004 0.553555
1004 1005 1.09788
1005 1006 0.996004
1006 1007 0.21481
1007 1008 -0.546902
1008 1009 0.820365
1009 1010 2.13164
1010 1011 2.20209
1011 1012 0.52125
1012 1013 0.386127
1013 1014 1.32546
1014 1015 0.376703
1015 1016 0.714599
1016 1017 0.427478
1017 1018 1.35706
1018 1019 -0.372832
1019 1020 0.0613058
1020 1021 1.64093
1021 1022 0.740203
1022 1023 -0.273466
1023 1024 0.116603
1024 993 0
1 33 0.871573
2 34 0.268198
3 35 1.16608
4 36 0.475911
5 37 1.35638
6 38 0.523498
7 39 0.928204
8 40 0.247086
9 41 0.0341229
10 42 0.754601
11 43 0.587635
12 44 0.579221
13 45 0.601633
14 46 -0.756258
15 47 1.38193
16 48 1.16039
17 49 -0.283252
18 50 2.01845
19 51 0.17084
20 52 -0.668479
21 53 -0.365001
22 54 0.26681
23 55 -0.0061092
24 56 -0.411177
25 57 0.489054
26 58 1.26767
27 59 0.295505
28 60 0.278578
29 61 1.73166
30 62 -0.437639
31 63 2.18659
32 64 1.09299
33 65 1.49441
34 66 -0.82904
35 67 0.519493
36 68 0.502733
37 69 0.141561
38 70 1.79705
39 71 1.25845
40 72 0.583461
41 73 0.681076
42 74 -0.665414
43 75 0.857107
44 76 -0.38825
45 77 -0.118004
46 78 -0.100757
47 79 0.706971
48 80 -0.705919
49 81 0.232097
50 82 1.83737
51 83 1.6355
52 84 0.381717
53 85 0.402621
54 86 1.54675
55 87 0.466558
56 88 1.23707
57 89 -0.941677
58 90 0.582821
59 91 0.631051
60 92 -0.190579
61 93 -0.612926
62 94 0.100625
63 95 1.14831
64 96 0.571465
65 97 0.252485
66 98 2.00334
67 99 1.51082
68 100 0.377137
69 101 -0.482795
70 102 0.369026
71 103 0.452204
72 104 -0.0130484
73 105 1.07238
74 106 -0.0066487
75 107 0.191862
76 108 -0.439032
77 109 0.549557
78 110 1.46084
79 111 0.881007
80 112 0.974006
81 113 0.700509
82 114 -0.162147
83 115 0.792029
84 116 1.1329
85 117 0.654897
86 118 -0.000387
87 119 1.48717
88 120 0.959176
89 121 0.725399
90 122 1.67004
91 123 1.1264
92 124 0.723926
93 125 -0.0690481
94 126 -0.292611
95 127 1.33922
96 128 1.30151
97 129 0.636572
98 130 0.0026073
99 131 0.86141
100 132 -0.152
101 133 1.31641
102 134 -0.0545836
103 135 1.02874
104 136 0.161902
105 137 0.308406
106 138 1.35622
107 139 0.119357
108 140 2.73836
109 141 1.4637
110 142 0.508937
111 143 -1.19428
112 144 1.69933
113 145 0.653299
114 146 0.621878
115 147 1.15043
116 148 1.74641
117 149 1.09385
118 150 0.550418
119 151 0.818667
120 152 0.41622
121 153 0.306213
122 154 0.991198
123 155 0.438721
124 156 0.707922
125 157 1.56074
126 158 0.0997457
127 159 1.22391
128 160 0.706848
129 161 0.991588
130 162 1.04847
131 163 0.672908
132 164 -0.318715
133 165 -0.297272
134 166 0.671669
135 167 -0.757208
136 168 1.43978
137 169 0.933206
138 170 0.116826
139 171 0.910134
140 172 0.980867
141 173 0.979452
142 174 -0.0880267
143 175 1.61789
144 176 0.618386
145 177 1.18948
146 178 0.484136
147 179 -0.438111
148 180 0.822039
149 181 0.166674
150 182 0.568837
151 183 1.22639
152 184 1.70156
153 185 -0.404038
154 186 0.560388
155 187 2.22937
156 188 1.18191
157 189 1.51196
158 190 0.252883
159 191 0.773153
160 192 0.325125
161 193 0.465552
162 194 0.380889
163 195 1.06782
164 196 1.40842
165 197 0.691519
166 198 0.375283
167 199 0.189362
168 200 0.0472481
169 201 2.53393
170 202 0.200893
171 203 0.6152
172 204 0.89231
173 205 1.55811
174 206 0.501056
175 207 -0.112985
176 208 0.34267
177 209 1.6678
178 210 -0.150432
179 211 -0.0049934
180 212 -0.27906
181 213 1.81743
182 214 1.48149
183 215 0.0923788
184 216 -0.263695
185 217 -0.148963
186 218 0.0708514
187 219 1.23301
188 220 1.44536
189 221 1.22878
190 222 2.38693
191 223 0.557231
192 224 1.68635
193 225 1.19896
194 226 1.71197
195 227 0.836471
196 228 0.303246
197 229 0.302463
198 230 3.08602
199 231 0.244909
200 232 -0.693339
201 233 0.259916
202 234 0.0349659
203 235 1.30548
204 236 1.29855
205 237 -0.249452
206 238 0.283524
207 239 0.661665
208 240 0.222324
209 241 0.678499
210 242 1.83098
211 243 2.08096
212 244 0.992318
213 245 1.81648
214 246 0.884246
215 247 0.201995
216 248 0.142839
217 249 0.503156
218 250 0.542119
219 251 0.269196
220 252 0.231278
221 253 1.5455
222 254 0.796645
223 255 1.16619
224 256 0.248431
225 257 0.218966
226 258 0.157753
227 259 1.86079
228 260 0.30223
229 261 0.28811
230 262 0.883626
231 263 0.92582
232 264 1.66435
233 265 -0.561066
234 266 0.146228
235 267 0.681103
236 268 0.305174
237 269 -0.320141
238 270 1.56111
239 271 1.08919
240 272 1.34579
241 273 -0.576448
242 274 -0.123939
243 275 -0.0224303
244 276 2.35769
245 277 2.02762
246 278 0.543526
247 279 0.156584
248 280 0.491866
249 281 -0.0153454
250 282 -0.240549
251 283 -0.350931
252 284 1.23108
253 285 1.14732
254 286 0.956734
255 287 -0.959405
256 288 0.958098
257 289 0.796711
258 290 0.634401
259 291 0.463767
260 292 0.535814
261 293 0.805659
262 294 -0.567734
263 295 1.11425
264 296 2.98498
265 297 1.04562
266 298 -0.398802
267 299 0.628099
268 300 0.426164
269 301 0.924283
270 302 -0.710666
271 303 0.851862
272 304 0.851845
273 305 1.16812
274 306 1.08752
275 307 0.0735312
276 308 0.437553
277 309 0.286081
278 310 0.502597
279 311 1.36962
280 312 -0.146371
281 313 0.750759
282 314 1.91632
283 315 0.454315
284 316 0.0797768
285 317 -0.170106
286 318 -0.169399
287 319 0.465669
288 320 2.08651
289 321 0.346712
290 322 0.408557
291 323 1.417
292 324 0.620635
293 325 1.15792
294 326 -0.0272163
295 327 1.03394
296 328 -0.0781589
297 329 1.54467
298 330 0.470205
299 331 1.06502
300 332 1.04908
301 333 0.219181
302 334 0.209615
303 335 0.390946
304 336 0.104548
305 337 -0.032463
306 338 -0.101494
307 339 1.28216
308 340 -0.0331429
309 341 -0.121892
310 342 1.17995
311 343 0.344257
312 344 1.59112
313 345 0.197982
314 346 -0.109405
315 347 -0.0084729
316 348 0.391593
317 349 -0.0346127
318 350 -0.0624494
319 351 0.792795
320 352 0.913405
321 353 0.702943
322 354 0.142351
323 355 -0.810415
324 356 0.354136
325 357 1.54859
326 358 1.49749
327 359 2.63867
328 360 1.49751
329 361 -0.141116
330 362 0.938904
331 363 0.404889
332 364 0.765686
333 365 0.812879
334 366 0.230444
335 367 1.04034
336 368 0.459946
337 369 0.432339
338 370 2.07785
339 371 0.61525
340 372 -0.0707571
341 373 1.14352
342 374 0.604173
343 375 1.34035
344 376 1.32757
345 377 0.251743
346 378 0.658998
347 379 0.485772
348 380 1.07534
349 381 0.639599
350 382 -0.752305
351 383 1.64621
352 384 1.7864
353 385 1.08879
354 386 0.918978
355 387 0.322254
356 388 0.531377
357 389 1.26857
358 390 1.31328
359 391 0.34856
360 392 0.28396
361 393 1.02718
362 394 -0.111129
363 395 -1.10655
364 396 0.979107
365 397 0.805014
366 398 1.40434
367 399 0.554486
368 400 0.733283
369 401 0.438435
370 402 1.61037
371 403 0.874211
372 404 0.53651
373 405 -0.363162
374 406 -0.187183
375 407 1.18344
376 408 -0.650719
377 409 0.183877
378 410 0.143807
379 411 0.791347
380 412 0.563752
381 413 1.16013
382 414 1.36248
383 415 -0.223936
384 416 1.70072
385 417 0.652538
386 418 0.331062
387 419 1.48758
388 420 0.424142
389 421 1.56809
390 422 2.75252
391 423 0.279685
392 424 0.101373
393 425 0.29978
394 426 1.28756
395 427 0.279671
396 428 0.779254
397 429 0.657789
398 430 1.83275
399 431 1.58755
400 432 1.24231
401 433 1.09008
402 434 0.376693
403 435 0.254968
404 436 -0.954982
405 437 0.742928
406 438 0.748775
407 439 0.225228
408 440 0.840974
409 441 1.57431
410 442 1.53089
411 443 -0.224504
412 444 1.38034
413 445 1.22761
414 446 0.0843674
415 447 0.732463
416 448 0.942056
417 449 0.743059
418 450 0.546302
419 451 -0.689908
420 452 1.30822
421 453 1.09179
422 454 0.417496
423 455 1.31677
424 456 0.94576
425 457 -0.0599196
426 458 0.145088
427 459 0.300122
428 460 0.334336
429 461 0.31162
430 462 0.14936
431 463 1.15386
432 464 -0.2524
433 465 1.25931
434 466 0.754588
435 467 1.90248
436 468 0.379561
437 469 1.00574
438 470 1.06169
439 471 1.64848
440 472 1.46698
441 473 0.157027
442 474 -0.0350658
443 475 1.53845
444 476 1.40441
445 477 -0.520946
446 478 0.431216
447 479 1.79672
448 480 1.64124
449 481 0.974166
450 482 -0.439109
451 483 0.0108262
452 484 1.3303
453 485 1.19569
454 486 0.447424
455 487 -0.457429
456 488 -0.0467872
457 489 -0.124725
458 490 1.93037
459 491 1.82844
460 492 0.0746895
461 493 1.41874
462 494 -0.0046716
463 495 0.937808
464 496 0.941901
465 497 1.20911
466 498 0.501804
467 499 1.00063
468 500 0.948767
469 501 -0.616697
470 502 1.01027
471 503 1.12056
472 504 -1.32546
473 505 0.832393
474 506 0.672004
475 507 0.850105
476 508 1.38216
477 509 2.14483
478 510 0.761882
479 511 -0.607426
480 512 0.430083
481 513 1.54353
482 514 -0.841233
483 515 0.534241
484 516 0.57575
485 517 1.539
486 518 1.28166
487 519 0.126551
488 520 -0.119882
489 521 0.394253
490 522 0.755058
491 523 1.89728
492 524 0.38614
493 525 0.403649
494 526 0.0820879
495 527 1.43099
496 528 1.31941
497 529 0.54071
498 530 1.63722
499 531 1.45688
500 532 0.971097
501 533 1.37169
502 534 -0.488806
503 535 0.420503
504 536 0.659429
505 537 0.913314
506 538 0.519639
507 539 1.16215
508 540 0.100753
509 541 0.253346
510 542 0.284491
511 543 1.67627
512 544 1.39173
513 545 0.955242
514 546 -0.0287779
515 547 0.499988
516 548 1.27645
517 549 -0.452049
518 550 1.64186
519 551 0.207354
520 552 1.26571
521 553 1.70606
522 554 0.341906
523 555 0.507152
524 556 1.27343
525 557 2.23635
526 558 0.791484
527 559 0.210668
528 560 2.21166
529 561 -0.0242468
530 562 -0.430484
531 563 0.567827
532 564 -0.747432
533 565 1.88527
534 566 0.453247
535 567 0.519878
536 568 0.689613
537 569 -0.0880512
538 570 0.95731
539 571 2.9312
540 572 -0.774297
541 573 0.838532
542 574 0.66557
543 575 1.75149
544 576 1.13627
545 577 0.128015
546 578 0.753822
547 579 0.538263
548 580 0.228733
549 581 0.0634397
550 582 0.0811204
551 583 0.154678
552 584 -0.0441215
553 585 0.645041
554 586 1.05921
555 587 1.7484
556 588 1.52213
557 589 -0.21285
558 590 0.276267
559 591 0.390047
560 592 1.15166
561 593 1.43471
562 594 1.10008
563 595 1.76699
564 596 0.0156439
565 597 0.513894
566 598 0.244277
567 599 -0.479247
568 600 0.760176
569 601 0.277489
570 602 2.01465
571 603 0.750022
572 604 0.53802
573 605 1.43128
574 606 1.18958
575 607 0.885078
576 608 1.08104
577 609 0.793455
578 610 1.05184
579 611 -0.144604
580 612 2.34253
581 613 2.54271
582 614 -0.268305
583 615 0.185888
584 616 0.581131
585 617 0.147047
586 618 0.458238
587 619 2.99505
588 620 0.286043
589 621 1.54093
590 622 0.0825634
591 623 -0.77923
592 624 0.872983
593 625 0.104345
594 626 -0.306601
595 627 1.22088
596 628 1.52152
597 629 0.992392
598 630 0.642411
599 631 0.881275
600 632 0.409291
601 633 0.861795
602 634 0.817113
603 635 1.48843
604 636 -0.211822
605 637 -0.413138
606 638 0.905169
607 639 0.188922
608 640 0.749178
609 641 -0.389131
610 642 0.124909
611 643 -0.524633
612 644 1.59524
613 645 0.549649
614 646 -0.159268
615 647 0.459897
616 648 0.544735
617 649 0.317434
618 650 0.702117
619 651 0.389999
620 652 0.437752
621 653 -0.172226
622 654 1.01853
623 655 0.844688
624 656 0.186117
625 657 0.525344
626 658 2.07421
627 659 -0.162522
628 660 0.755505
629 661 -1.01866
630 662 1.58685
631 663 0.775228
632 664 0.262859
633 665 0.0604166
634 666 0.0427555
635 667 0.408004
636 668 1.38426
637 669 0.466754
638 670 0.509582
639 671 2.21329
640 672 1.0026
641 673 1.06311
642 674 0.73367
643 675 0.760871
644 676 -0.0555596
645 677 0.890861
646 678 0.844357
647 679 0.068753
648 680 -0.43064
649 681 1.27519
650 682 1.54447
651 683 2.51984
652 684 -0.479677
653 685 0.0938778
654 686 1.23122
655 687 1.28485
656 688 1.54734
657 689 -0.696806
658 690 0.474889
659 691 0.962738
660 692 0.391996
661 693 0.229612
662 694 -0.642167
663 695 1.47853
664 696 0.920447
665 697 0.483426
666 698 0.59711
667 699 -0.34021
668 700 2.37292
669 701 -0.309187
670 702 1.28984
671 703 1.11188
672 704 0.0272384
673 705 1.0293
674 706 1.32379
675 707 -0.0120205
676 708 -0.0573207
677 709 0.417211
678 710 0.425255
679 711 0.137425
680 712 1.18404
681 713 0.218442
682 714 1.11458
683 715 0.515661
684 716 0.880545
685 717 0.112222
686 718 2.65847
687 719 1.8462
688 720 -0.117295
689 721 2.61405
690 722 1.1323
691 723 -0.0628927
692 724 0.349769
693 725 1.01439
694 726 0.485991
695 727 -0.196693
696 728 0.250585
697 729 2.04433
698 730 2.40155
699 731 0.986423
700 732 1.42987
701 733 0.827862
702 734 0.706309
703 735 0.678369
704 736 0.880469
705 737 0.845804
706 738 0.349837
707 739 0.380875
708 740 0.613605
709 741 0.546202
710 742 -0.0913506
711 743 0.997714
712 744 2.16653
713 745 0.120078
714 746 1.39075
715 747 0.83705
716 748 0.811522
717 749 2.07796
718 750 -0.238388
719 751 0.743855
720 752 -0.200362
721 753 -0.0116049
722 754 -0.0627818
723 755 0.358524
724 756 0.419354
725 757 0.11929
726 758 1.23286
727 759 0.908768
728 760 0.575523
729 761 1.58588
730 762 0.659798
731 763 -0.500138
732 764 -0.0109698
733 765 1.20483
734 766 0.612944
735 767 0.167685
736 768 0.80955
737 769 1.80826
738 770 -0.469593
739 771 -0.232334
740 772 0.863187
741 773 0.381274
742 774 0.0675698
743 775 0.436178
744 776 -0.82492
745 777 -0.284576
746 778 0.387155
747 779 -0.338105
748 780 1.20791
749 781 2.07428
750 782 1.02986
751 783 0.0747685
752 784 1.48265
753 785 0.7658
754 786 0.301545
755 787 -0.434241
756 788 -0.0449219
757 789 -0.167428
758 790 1.93799
759 791 -0.501008
760 792 0.90493
761 793 -0.845063
762 794 -0.345843
763 795 0.574768
764 796 1.0822
765 797 1.75758
766 798 -0.221234
767 799 -0.598246
768 800 2.30659
769 801 1.28379
770 802 1.08014
771 803 1.51914
772 804 0.588869
773 805 1.0414
774 806 1.00559
775 807 -0.0193383
776 808 1.07506
777 809 0.425678
778 810 1.03478
779 811 1.23395
780 812 -0.255889
781 813 1.4103
782 814 1.11288
783 815 0.796288
784 816 1.64529
785 817 0.081919
786 818 0.837795
787 819 0.814308
788 820 0.295579
789 821 -0.23393
790 822 0.763905
791 823 1.15452
792 824 -0.161661
793 825 0.557973
794 826 0.0266241
795 827 -0.46759
796 828 -0.0305688
797 829 1.69387
798 830 0.681957
799 831 3.03146
800 832 0.5851
801 833 0.440604
802 834 1.11777
803 835 -1.54586
804 836 0.416981
805 837 1.45341
806 838 2.04997
807 839 1.71757
808 840 0.542441
809 841 0.11152
810 842 -0.663746
811 843 0.909596
812 844 0.605119
813 845 1.71107
814 846 -0.345549
815 847 0.590115
816 848 0.722463
817 849 0.0642902
818 850 1.53361
819 851 1.11399
820 852 0.0839649
821 853 1.34356
822 854 -0.208222
823 855 0.235453
824 856 0.145241
825 857 1.4945
826 858 0.136118
827 859 0.543719
828 860 0.911365
829 861 1.55415
830 862 0.569738
831 863 0.720595
832 864 2.22268
833 865 0.763071
834 866 0.412435
835 867 2.30183
836 868 0.0456393
837 869 0.631497
838 870 0.573552
839 871 1.10295
840 872 1.09584
841 873 0.946974
842 874 -0.12262
843 875 0.69821
844 876 0.30462
845 877 0.149134
846 878 0.856146
847 879 1.06794
848 880 1.77346
849 881 0.0489517
850 882 0.964688
851 883 0.433303
852 884 1.0467
853 885 0.239177
854 886 -0.190853
855 887 -0.437973
856 888 0.186297
857 889 0.482574
858 890 1.69889
859 891 -0.551943
860 892 0.771352
861 893 1.03678
862 894 0.942008
863 895 0.742612
864 896 0.564332
865 897 0.60236
866 898 1.52472
867 899 -0.544924
868 900 0.433198
869 901 2.09947
870 902 1.60565
871 903 0.961709
872 904 0.38188
873 905 1.60229
874 906 0.502236
875 907 0.120512
876 908 1.33294
877 909 2.13737
878 910 1.60344
879 911 0.0941017
880 912 1.9484
881 913 0.0728152
882 914 0.501144
883 915 0.0282672
884 916 0.168368
885 917 2.49734
886 918 1.80687
887 919 0.359624
888 920 0.237451
889 921 1.53133
890 922 0.0670667
891 923 0.0735327
892 924 0.540036
893 925 0.873346
894 926 0.111457
895 927 0.458057
896 928 -0.172865
897 929 1.0504
898 930 0.893673
899 931 2.27772
900 932 0.285946
901 933 0.728347
902 934 1.32752
903 935 0.648012
904 936 1.28936
905 937 0.91753
906 938 0.0434222
907 939 0.329375
908 940 0.0467831
909 941 -0.671095
910 942 0.902466
911 943 0.186765
912 944 0.17226
913 945 0.1911
914 946 -0.0166771
915 947 1.57793
916 948 0.0278415
917 949 -0.115741
918 950 0.224852
919 951 0.836745
920 952 -0.273217
921 953 0.42824
922 954 -0.377293
923 955 0.914387
924 956 0.195657
925 957 -1.17711
926 958 0.994789
927 959 -0.890623
928 960 0.459917
929 961 -0.305335
930 962 2.67194
931 963 -0.0360991
932 964 0.196039
933 965 1.6678
934 966 -0.437027
935 967 0.0063978
936 968 0.326165
937 969 0.482484
938 970 1.10561
939 971 -0.0842618
940 972 0.788666
941 973 -0.96385
942 974 1.18308
943 975 1.63857
944 976 1.72873
945 977 -0.5084
946 978 0.677624
947 979 -0.393309
948 980 0.129867
949 981 0.311051
950 982 3.6096
951 983 0.266577
952 984 0.540434
953 985 0.878624
954 986 1.18985
955 987 0.264934
956 988 -0.294171
957 989 1.1436
958 990 -0.579348
959 991 0.917182
960 992 1.38071
961 993 0.658103
962 994 2.08357
963 995 1.47447
964 996 1.99326
965 997 0.313725
966 998 0.828179
967 999 0.298842
968 1000 0.230394
969 1001 1.16446
970 1002 1.39821
971 1003 -0.0113188
972 1004 2.35001
973 1005 -0.293845
974 1006 0.420781
975 1007 1.51978
976 1008 1.6687
977 1009 0.90918
978 1010 0.797839
979 1011 0.936135
980 1012 1.03658
981 1013 0.392328
982 1014 0.0961627
983 1015 0.0163428
984 1016 1.02552
985 1017 0.536898
986 1018 1.25433
987 1019 1.07014
988 1020 1.98033
989 1021 -0.542261
990 1022 0.324759
991 1023 0.799136
992 1024 1.78631
993 1 0
994 2 0
995 3 0
996 4 0
997 5 0
998 6 0
999 7 0
1000 8 0
1001 9 0
1002 10 0
1003 11 0
1004 12 0
1005 13 0
1006 14 0
1007 15 0
1008 16 0
1009 17 0
1010 18 0
1011 19 0
1012 20 0
1013 21 0
1014 22 0
1015 23 0
1016 24 0
1017 25 0
1018 26 0
1019 27 0
1020 28 0
1021 29 0
1022 30 0
1023 31 0
1024 32 0
