1 2 0.693004
2 3 1.26184
3 4 2.04067
4 5 0.223239
5 6 0.0707473
6 7 0.132928
7 8 1.57628
8 9 -0.0359106
9 10 0.571186
10 11 1.05633
11 12 0.322873
12 13 0.0293247
13 14 0.305595
14 15 1.19498
15 16 1.60663
16 17 0.297868
17 18 1.04955
18 19 0.755942
19 20 0.329469
20 21 0.398071
21 22 0.783717
22 23 0.0352826
23 24 1.39544
24 25 1.07972
25 26 1.08608
26 27 0.931109
27 28 0.837461
28 29 1.37738
29 30 0.226922
30 31 0.164145
31 32 -0.719476
32 1 0
33 34 1.44714
34 35 -0.113164
35 36 0.0747247
36 37 1.01649
37 38 0.375318
38 39 1.70598
39 40 1.03668
40 41 0.434405
41 42 1.45126
42 43 -0.864274
43 44 -0.164408
44 45 0.384081
45 46 0.444351
46 47 0.283
47 48 1.02054
48 49 1.43405
49 50 0.227795
50 51 1.22837
51 52 1.85588
52 53 3.20107
53 54 0.138847
54 55 1.15321
55 56 0.520218
56 57 0.506453
57 58 -0.622374
58 59 -0.622702
59 60 1.68295
60 61 0.826111
61 62 0.198973
62 63 0.708735
63 64 1.02313
64 33 0
65 66 0.836554
66 67 0.341928
67 68 0.695442
68 69 -1.55709
69 70 0.144393
70 71 0.75401
71 72 1.05425
72 73 0.526797
73 74 1.14427
74 75 -0.258743
75 76 0.661901
76 77 0.750996
77 78 1.08943
78 79 0.343954
79 80 0.204125
80 81 -1.23139
81 82 0.270919
82 83 2.29534
83 84 0.181574
84 85 -0.178637
85 86 1.78421
86 87 0.680533
87 88 -0.251935
88 89 0.674881
89 90 0.0908667
90 91 1.30491
91 92 0.438675
92 93 0.87248
93 94 -0.179448
94 95 0.648127
95 96 0.13879
96 65 0
97 98 1.17808
98 99 -0.447565
99 100 0.674107
100 101 0.672019
101 102 0.893636
102 103 0.524001
103 104 2.94735
104 105 -0.0270569
105 106 0.596646
106 107 0.0479823
107 108 -0.380667
108 109 1.22149
109 110 1.06795
110 111 -0.193327
111 112 -0.389693
112 113 0.637922
113 114 0.896364
114 115 0.0552952
115 116 0.804061
116 117 -0.234516
117 118 -0.26765
118 119 -0.317136
119 120 0.677091
120 121 -0.15046
121 122 0.778994
122 123 2.21301
123 124 1.33176
124 125 1.19606
125 126 -0.0210255
126 127 1.67732
127 128 -0.0257487
128 97 0
129 130 0.980116
130 131 0.293712
131 132 -0.922552
132 133 1.0156
133 134 1.27008
134 135 0.625225
135 136 1.18838
136 137 0.720232
137 138 1.04029
138 139 0.904152
139 140 1.09586
140 141 1.6355
141 142 1.91648
142 143 1.0678
143 144 1.08654
144 145 0.729822
145 146 -0.28383
146 147 2.13338
147 148 0.517213
148 149 0.418396
149 150 0.287353
150 151 0.985947
151 152 0.490304
152 153 0.276838
153 154 1.37714
154 155 -0.170318
155 156 -0.894577
156 157 -0.0108761
157 158 0.163039
158 159 1.95948
159 160 1.06353
160 129 0
161 162 1.67802
162 163 0.515848
163 164 2.45983
164 165 -0.14866
165 166 0.960231
166 167 -0.24292
167 168 -1.40016
168 169 2.62547
169 170 0.57316
170 171 1.57487
171 172 -0.227567
172 173 0.901195
173 174 1.03595
174 175 -0.495511
175 176 0.249192
176 177 0.548655
177 178 0.436486
178 179 0.624491
179 180 1.55273
180 181 0.043626
181 182 0.308645
182 183 0.907701
183 184 2.08539
184 185 0.435637
185 186 0.246438
186 187 2.24845
187 188 1.04288
188 189 0.515777
189 190 -0.261408
190 191 0.210505
191 192 1.25458
192 161 0
193 194 0.0059775
194 195 0.220939
195 196 -1.4145
196 197 0.861091
197 198 0.7703
198 199 0.751607
199 200 -0.255607
200 201 0.920497
201 202 0.798683
202 203 1.71064
203 204 0.493999
204 205 1.81251
205 206 0.448811
206 207 0.57784
207 208 0.180697
208 209 1.33073
209 210 -0.14227
210 211 0.362822
211 212 0.625298
212 213 1.13638
213 214 -0.146531
214 215 1.29026
215 216 1.0781
216 217 0.55138
217 218 1.33975
218 219 0.842955
219 220 0.477403
220 221 -0.147638
221 222 1.16103
222 223 0.0945516
223 224 0.811261
224 193 0
225 226 -0.190851
226 227 0.7062
227 228 0.773851
228 229 -0.0014286
229 230 0.663999
230 231 0.0660768
231 232 0.973633
232 233 0.827948
233 234 0.174884
234 235 1.07513
235 236 0.894087
236 237 1.81597
237 238 1.60846
238 239 0.363111
239 240 -0.486567
240 241 -0.388011
241 242 1.54499
242 243 1.08745
243 244 1.15391
244 245 0.517334
245 246 0.149721
246 247 0.265736
247 248 0.918891
248 249 0.34477
249 250 -0.742633
250 251 0.812183
251 252 -0.189238
252 253 1.40126
253 254 0.139363
254 255 1.22304
255 256 -0.0242164
256 225 0
257 258 0.268869
258 259 0.71704
259 260 -0.257881
260 261 1.24858
261 262 1.78713
262 263 -0.148765
263 264 1.19036
264 265 1.18674
265 266 0.876488
266 267 0.691632
267 268 -0.23361
268 269 -0.623345
269 270 1.50191
270 271 1.91294
271 272 0.940199
272 273 0.915138
273 274 1.33839
274 275 0.107327
275 276 0.337297
276 277 0.639992
277 278 0.409669
278 279 0.25494
279 280 0.604044
280 281 0.332942
281 282 0.337729
282 283 0.412354
283 284 1.58647
284 285 1.91389
285 286 0.228687
286 287 0.441105
287 288 1.81779
288 257 0
289 290 0.11794
290 291 0.200545
291 292 1.09358
292 293 0.190955
293 294 1.8263
294 295 1.39686
295 296 0.647022
296 297 -0.0340103
297 298 1.12885
298 299 -0.683141
299 300 1.12814
300 301 1.52202
301 302 0.302402
302 303 -0.285655
303 304 0.969585
304 305 1.36499
305 306 0.284227
306 307 -0.166664
307 308 -0.723594
308 309 1.04281
309 310 0.0032714
310 311 0.469469
311 312 0.332155
312 313 0.412775
313 314 0.0439412
314 315 0.706984
315 316 0.450234
316 317 -0.736198
317 318 1.24867
318 319 1.26276
319 320 0.156068
320 289 0
321 322 1.08005
322 323 2.42955
323 324 0.513817
324 325 1.23822
325 326 -0.722405
326 327 -0.364771
327 328 1.54071
328 329 0.0381325
329 330 -0.134129
330 331 0.722164
331 332 0.169512
332 333 1.6705
333 334 0.226004
334 335 0.493719
335 336 -0.782362
336 337 1.23058
337 338 1.59899
338 339 1.32935
339 340 -0.0328839
340 341 -0.460155
341 342 0.268354
342 343 3.12059
343 344 0.623773
344 345 0.978349
345 346 0.779015
346 347 3.05632
347 348 -0.25713
348 349 0.39503
349 350 -0.262323
350 351 0.79092
351 352 0.897837
352 321 0
353 354 0.309492
354 355 0.10094
355 356 1.30365
356 357 1.06776
357 358 0.222824
358 359 0.078047
359 360 1.34642
360 361 0.243499
361 362 -0.834898
362 363 0.227732
363 364 0.864422
364 365 -0.23057
365 366 -0.631196
366 367 0.309719
367 368 1.19079
368 369 1.21461
369 370 1.67164
370 371 0.655702
371 372 0.222324
372 373 -0.475612
373 374 0.482252
374 375 0.723713
375 376 0.179858
376 377 0.959886
377 378 0.452817
378 379 -0.652574
379 380 -0.341064
380 381 -0.134507
381 382 0.489335
382 383 -1.06723
383 384 0.744869
384 353 0
385 386 1.31937
386 387 0.219545
387 388 0.988995
388 389 0.994587
389 390 0.328421
390 391 0.284153
391 392 0.59519
392 393 0.564383
393 394 1.25783
394 395 0.209105
395 396 -0.22504
396 397 -0.164062
397 398 1.06783
398 399 0.7808
399 400 -0.607947
400 401 1.35756
401 402 1.55798
402 403 0.263085
403 404 -0.130053
404 405 2.89108
405 406 2.76022
406 407 1.0792
407 408 0.400137
408 409 0.0046559
409 410 1.2599
410 411 -0.225533
411 412 0.277799
412 413 1.44314
413 414 0.504736
414 415 -0.398284
415 416 0.91459
416 385 0
417 418 1.69916
418 419 0.76458
419 420 0.077071
420 421 1.45926
421 422 0.939045
422 423 1.16243
423 424 -0.0362097
424 425 0.421356
425 426 0.969461
426 427 0.653323
427 428 0.0221495
428 429 -0.266122
429 430 0.152607
430 431 0.891137
431 432 1.08449
432 433 0.307151
433 434 1.16578
434 435 0.649857
435 436 1.02406
436 437 3.14805
437 438 1.11677
438 439 1.47228
439 440 0.692915
440 441 1.56386
441 442 0.404074
442 443 0.242507
443 444 0.994474
444 445 0.0577911
445 446 0.260772
446 447 -0.027424
447 448 -0.441836
448 417 0
449 450 0.694336
450 451 0.00303
451 452 -0.334338
452 453 1.08753
453 454 0.59593
454 455 0.63096
455 456 1.74332
456 457 0.0720741
457 458 0.670261
458 459 0.673642
459 460 -0.194129
460 461 1.00209
461 462 0.684924
462 463 0.971173
463 464 0.803316
464 465 1.40512
465 466 0.563845
466 467 0.644251
467 468 0.738356
468 469 -0.732646
469 470 0.0133401
470 471 0.873523
471 472 0.816497
472 473 -0.476371
473 474 0.969117
474 475 1.09759
475 476 0.846436
476 477 0.103033
477 478 1.63247
478 479 0.25712
479 480 0.315201
480 449 0
481 482 0.345227
482 483 -0.396177
483 484 -0.0975369
484 485 -0.199621
485 486 -0.289848
486 487 1.08044
487 488 -0.086095
488 489 0.158945
489 490 0.811612
490 491 0.683831
491 492 1.06327
492 493 0.480396
493 494 0.0696862
494 495 0.384624
495 496 0.354293
496 497 0.126063
497 498 1.61232
498 499 0.167582
499 500 1.34209
500 501 -1.09549
501 502 0.834929
502 503 1.85939
503 504 0.836794
504 505 1.35214
505 506 -0.64203
506 507 0.667698
507 508 1.77111
508 509 0.563526
509 510 1.91433
510 511 1.09261
511 512 0.697923
512 481 0
513 514 1.17619
514 515 1.25705
515 516 0.164543
516 517 0.470731
517 518 -0.238056
518 519 1.78691
519 520 0.697487
520 521 0.930779
521 522 0.621395
522 523 0.937106
523 524 0.530542
524 525 0.67512
525 526 -1.04558
526 527 1.13732
527 528 0.0623778
528 529 -0.498543
529 530 1.19968
530 531 0.382955
531 532 -0.657534
532 533 0.251809
533 534 1.85037
534 535 1.93741
535 536 -0.058297
536 537 2.86873
537 538 1.60911
538 539 -0.356464
539 540 0.282891
540 541 0.170143
541 542 0.878025
542 543 1.08487
543 544 0.902048
544 513 0
545 546 0.399415
546 547 0.570429
547 548 1.31525
548 549 1.31563
549 550 1.10194
550 551 1.51566
551 552 0.0108746
552 553 1.34209
553 554 1.54223
554 555 0.432015
555 556 -0.286969
556 557 0.444631
557 558 1.34226
558 559 -0.379937
559 560 0.150562
560 561 -0.0309996
561 562 0.0103147
562 563 1.38445
563 564 -0.847508
564 565 0.40687
565 566 1.3289
566 567 0.509097
567 568 0.427736
568 569 1.28263
569 570 0.408085
570 571 0.0688653
571 572 1.01682
572 573 1.65751
573 574 0.619842
574 575 0.423033
575 576 0.337705
576 545 0
577 578 0.894392
578 579 1.02865
579 580 -0.669625
580 581 1.68333
581 582 1.59374
582 583 1.43438
583 584 0.932096
584 585 1.00497
585 586 -0.490931
586 587 -0.832502
587 588 0.458548
588 589 0.453748
589 590 1.21734
590 591 0.833905
591 592 0.29134
592 593 0.36719
593 594 1.1866
594 595 0.861787
595 596 1.06518
596 597 0.734672
597 598 1.33042
598 599 0.460282
599 600 0.438219
600 601 0.012477
601 602 0.975484
602 603 0.420731
603 604 0.941933
604 605 0.661997
605 606 -0.155061
606 607 0.0088191
607 608 1.17577
608 577 0
609 610 0.620615
610 611 1.39271
611 612 0.94031
612 613 0.946061
613 614 0.617294
614 615 -0.950052
615 616 1.15002
616 617 0.0206948
617 618 -0.0501073
618 619 0.644261
619 620 0.0518969
620 621 0.397032
621 622 1.23149
622 623 0.825107
623 624 0.175183
624 625 0.596942
625 626 1.38214
626 627 0.29387
627 628 0.818278
628 629 0.0933295
629 630 0.854543
630 631 1.47849
631 632 0.0155428
632 633 -0.411096
633 634 2.56904
634 635 2.07286
635 636 1.47538
636 637 -0.284036
637 638 0.366251
638 639 1.26877
639 640 0.747942
640 609 0
641 642 0.458312
642 643 0.564929
643 644 0.375236
644 645 0.575986
645 646 1.96919
646 647 0.585942
647 648 0.921573
648 649 0.305517
649 650 1.85212
650 651 -0.106853
651 652 0.44334
652 653 0.929316
653 654 -0.481117
654 655 -0.101879
655 656 -0.711625
656 657 0.816921
657 658 -0.684127
658 659 1.99447
659 660 0.79808
660 661 1.23035
661 662 0.422267
662 663 0.72553
663 664 0.340462
664 665 2.3037
665 666 -0.464128
666 667 0.767826
667 668 0.839921
668 669 1.29462
669 670 0.119561
670 671 0.816719
671 672 0.546737
672 641 0
673 674 0.0799337
674 675 0.573876
675 676 0.295291
676 677 0.713692
677 678 0.499177
678 679 1.40299
679 680 2.18705
680 681 -1.04853
681 682 0.335557
682 683 1.15459
683 684 0.880301
684 685 1.1235
685 686 1.36257
686 687 0.330287
687 688 1.10853
688 689 1.19014
689 690 0.425949
690 691 -0.706707
691 692 1.72931
692 693 1.15218
693 694 0.0531917
694 695 0.208227
695 696 1.53354
696 697 -0.179997
697 698 0.247734
698 699 0.632586
699 700 1.46858
700 701 1.0589
701 702 -0.467626
702 703 0.867758
703 704 -0.0748175
704 673 0
705 706 0.72923
706 707 0.75362
707 708 2.27863
708 709 2.28653
709 710 1.48969
710 711 1.02609
711 712 1.2957
712 713 0.0866646
713 714 0.754073
714 715 1.26752
715 716 2.59102
716 717 0.402194
717 718 0.153015
718 719 0.248977
719 720 0.808472
720 721 1.86116
721 722 1.70958
722 723 0.133624
723 724 0.556528
724 725 0.519335
725 726 0.841144
726 727 0.99216
727 728 0.988956
728 729 0.539752
729 730 0.304796
730 731 -0.438108
731 732 0.642173
732 733 2.0907
733 734 0.964236
734 735 0.262003
735 736 2.08737
736 705 0
737 738 0.257849
738 739 0.414017
739 740 0.0302867
740 741 -0.754846
741 742 1.91844
742 743 1.96966
743 744 0.86019
744 745 -0.541767
745 746 0.0396911
746 747 -0.353192
747 748 -0.281372
748 749 -0.889317
749 750 0.301446
750 751 0.219993
751 752 1.03149
752 753 0.336192
753 754 1.31915
754 755 0.299479
755 756 1.31875
756 757 0.0407311
757 758 0.0833606
758 759 -0.491662
759 760 1.42522
760 761 0.25467
761 762 0.756085
762 763 2.02459
763 764 0.344466
764 765 0.468446
765 766 0.4832
766 767 0.971385
767 768 0.564923
768 737 0
769 770 0.587623
770 771 0.753625
771 772 0.977249
772 773 1.10873
773 774 1.04625
774 775 0.438331
775 776 0.0806516
776 777 0.530941
777 778 -0.17445
778 779 1.288
779 780 -0.266997
780 781 0.761053
781 782 0.549887
782 783 0.649027
783 784 0.661708
784 785 1.04552
785 786 1.72362
786 787 0.452714
787 788 0.104186
788 789 0.479671
789 790 -0.0077824
790 791 1.71262
791 792 1.94302
792 793 0.665676
793 794 0.397058
794 795 -0.0298089
795 796 0.741627
796 797 1.76872
797 798 -0.616477
798 799 0.332803
799 800 0.881712
800 769 0
801 802 1.23632
802 803 0.825239
803 804 1.20187
804 805 -0.782218
805 806 0.663193
806 807 0.526217
807 808 0.331623
808 809 1.1337
809 810 1.29575
810 811 0.494207
811 812 1.2243
812 813 0.0062019
813 814 0.251701
814 815 1.63334
815 816 2.57453
816 817 0.944033
817 818 -0.0747318
818 819 1.17907
819 820 0.213586
820 821 0.225986
821 822 0.614548
822 823 0.997848
823 824 1.48671
824 825 -0.404421
825 826 -0.0540064
826 827 1.94974
827 828 1.18956
828 829 0.580065
829 830 0.644107
830 831 -0.167792
831 832 1.19898
832 801 0
833 834 1.12551
834 835 0.496632
835 836 1.95614
836 837 0.620183
837 838 1.52548
838 839 0.221119
839 840 0.968708
840 841 0.416652
841 842 -0.155136
842 843 1.72416
843 844 0.652877
844 845 0.621932
845 846 1.24115
846 847 -0.221663
847 848 1.30195
848 849 0.870196
849 850 1.46083
850 851 1.52691
851 852 0.364867
852 853 0.878242
853 854 0.627387
854 855 -0.249577
855 856 -0.166021
856 857 1.3073
857 858 3.35729
858 859 0.337458
859 860 0.0597772
860 861 1.20125
861 862 0.66423
862 863 -0.736592
863 864 -0.363519
864 833 0
865 866 1.03633
866 867 0.320221
867 868 0.996014
868 869 0.613013
869 870 0.295579
870 871 0.35104
871 872 1.14971
872 873 0.978958
873 874 0.993484
874 875 2.87223
875 876 1.30827
876 877 0.863109
877 878 0.324827
878 879 0.265448
879 880 -0.31601
880 881 0.436522
881 882 0.349516
882 883 0.228177
883 884 2.20366
884 885 0.283771
885 886 0.339566
886 887 0.79384
887 888 0.987511
888 889 0.207798
889 890 0.365362
890 891 0.684282
891 892 0.185929
892 893 1.53199
893 894 1.54164
894 895 0.985264
895 896 0.283287
896 865 0
897 898 1.30293
898 899 0.131181
899 900 1.37911
900 901 0.14437
901 902 0.500989
902 903 2.63524
903 904 0.804365
904 905 0.981176
905 906 0.439808
906 907 0.679013
907 908 0.742256
908 909 1.73054
909 910 0.503716
910 911 0.0941832
911 912 0.540738
912 913 -0.746425
913 914 0.1077
914 915 0.439009
915 916 0.402097
916 917 1.72988
917 918 0.260995
918 919 1.99155
919 920 1.63767
920 921 0.924972
921 922 0.0353159
922 923 0.296026
923 924 1.39513
924 925 0.738447
925 926 1.24419
926 927 -0.315254
927 928 0.491396
928 897 0
929 930 -0.0326071
930 931 0.166263
931 932 0.565146
932 933 -0.0322478
933 934 -0.484427
934 935 0.263438
935 936 -0.229262
936 937 1.37716
937 938 0.487818
938 939 0.766046
939 940 -0.709118
940 941 1.54904
941 942 0.806285
942 943 0.643391
943 944 0.730081
944 945 2.39378
945 946 1.02404
946 947 -0.561586
947 948 0.260582
948 949 -0.236506
949 950 1.33898
950 951 1.68334
951 952 1.69332
952 953 3.07952
953 954 -0.0412789
954 955 2.28852
955 956 0.638338
956 957 -0.174004
957 958 -0.552952
958 959 0.394513
959 960 1.40393
960 929 0
961 962 0.0006487
962 963 0.84944
963 964 -0.0086564
964 965 1.04652
965 966 0.944905
966 967 0.509011
967 968 0.394108
968 969 1.13176
969 970 -0.314562
970 971 1.21162
971 972 0.286994
972 973 -0.127301
973 974 0.706712
974 975 2.00527
975 976 0.947851
976 977 1.05737
977 978 0.33372
978 979 1.98315
979 980 -1.12614
980 981 0.754421
981 982 -0.399452
982 983 0.56194
983 984 0.853109
984 985 1.27297
985 986 0.251879
986 987 1.49184
987 988 -1.37882
988 989 0.55902
989 990 0.855322
990 991 1.04838
991 992 1.1053
992 961 0
993 994 0.466391
994 995 1.53454
995 996 1.54527
996 997 1.51452
997 998 -0.341607
998 999 0.428407
999 1000 0.599633
1000 1001 0.37006
1001 1002 1.50023
1002 1003 0.14658
1003 1004 0.0837358
1004 1005 0.968784
1005 1006 2.21101
1006 1007 0.677344
1007 1008 -0.17002
1008 1009 0.156195
1009 1010 0.265413
1010 1011 0.816304
1011 1012 1.50977
1012 1013 0.0004162
1013 1014 1.8837
1014 1015 -1.07789
1015 1016 -0.220357
1016 1017 1.10089
1017 1018 2.25871
1018 1019 0.970915
1019 1020 -0.249139
1020 1021 1.1704
1021 1022 1.89661
1022 1023 1.13027
1023 1024 0.673633
1024 993 0
1 33 0.537719
2 34 -0.874663
3 35 2.09311
4 36 0.565301
5 37 0.0573069
6 38 1.62785
7 39 -0.832986
8 40 1.50416
9 41 2.09161
10 42 0.787189
11 43 0.817133
12 44 1.12312
13 45 -0.173514
14 46 1.14584
15 47 1.77717
16 48 2.73786
17 49 0.056625
18 50 0.0282988
19 51 0.877952
20 52 1.83803
21 53 -0.109398
22 54 0.683386
23 55 0.214269
24 56 -0.0367399
25 57 1.37656
26 58 1.15009
27 59 1.37356
28 60 -0.730463
29 61 0.557868
30 62 0.0271184
31 63 1.16581
32 64 1.04237
33 65 -0.205457
34 66 0.884348
35 67 0.224664
36 68 2.43226
37 69 0.980723
38 70 0.45204
39 71 0.760442
40 72 0.434263
41 73 0.757906
42 74 0.963975
43 75 1.12979
44 76 0.534123
45 77 0.778796
46 78 0.790477
47 79 -0.225548
48 80 0.36808
49 81 0.976403
50 82 0.195337
51 83 0.893646
52 84 0.987
53 85 0.677631
54 86 -0.773085
55 87 0.904422
56 88 0.735709
57 89 0.77161
58 90 0.872479
59 91 1.22828
60 92 -0.402737
61 93 0.188904
62 94 1.6749
63 95 -0.53022
64 96 -0.0517704
65 97 0.041296
66 98 0.68467
67 99 0.0449131
68 100 0.556551
69 101 0.574957
70 102 0.288745
71 103 0.946257
72 104 -0.20411
73 105 -0.140846
74 106 0.36468
75 107 -0.0209504
76 108 1.46756
77 109 2.28022
78 110 -0.0219763
79 111 0.688106
80 112 0.921471
81 113 0.0999245
82 114 0.574823
83 115 -0.107046
84 116 0.778616
85 117 0.640412
86 118 0.543947
87 119 0.618096
88 120 0.202471
89 121 -0.404108
90 122 0.393795
91 123 -0.516377
92 124 1.97331
93 125 -0.500963
94 126 2.28446
95 127 0.150765
96 128 0.198489
97 129 0.437561
98 130 2.06739
99 131 0.585129
100 132 1.99656
101 133 1.33408
102 134 -0.0894791
103 135 -0.198538
104 136 1.05011
105 137 0.62243
106 138 -0.347914
107 139 0.536623
108 140 0.54577
109 141 0.36312
110 142 -0.27388
111 143 0.863372
112 144 0.846721
113 145 0.272888
114 146 1.47635
115 147 1.14381
116 148 0.881691
117 149 1.37701
118 150 0.111428
119 151 1.31907
120 152 1.17679
121 153 0.437002
122 154 -0.139521
123 155 0.617892
124 156 0.0449435
125 157 -0.0867268
126 158 0.174716
127 159 -0.0163753
128 160 3.24351
129 161 2.81421
130 162 -0.104606
131 163 1.42284
132 164 0.435313
133 165 1.2249
134 166 1.78755
135 167 1.17596
136 168 2.17879
137 169 0.227261
138 170 2.18078
139 171 1.73484
140 172 0.39999
141 173 0.557128
142 174 0.453274
143 175 0.601319
144 176 2.07136
145 177 -0.0845422
146 178 0.498574
147 179 0.58525
148 180 -0.620369
149 181 2.4219
150 182 0.940686
151 183 0.5806
152 184 1.01481
153 185 0.215825
154 186 1.33139
155 187 2.18975
156 188 1.49917
157 189 0.544062
158 190 0.308024
159 191 0.156124
160 192 2.16007
161 193 1.31002
162 194 0.321247
163 195 0.461795
164 196 1.0953
165 197 -0.0578152
166 198 0.262064
167 199 0.567985
168 200 1.53906
169 201 0.70464
170 202 1.68538
171 203 -1.36386
172 204 -0.754046
173 205 1.01405
174 206 0.309242
175 207 0.986527
176 208 1.3962
177 209 0.0854632
178 210 2.21471
179 211 0.210532
180 212 1.19188
181 213 -0.0572312
182 214 0.952379
183 215 -0.739006
184 216 1.33129
185 217 -0.230709
186 218 0.495928
187 219 0.392984
188 220 0.397882
189 221 0.26284
190 222 1.42581
191 223 -0.213076
192 224 1.12191
193 225 -0.0874796
194 226 0.22546
195 227 0.837092
196 228 3.19694
197 229 -0.396998
198 230 1.57358
199 231 0.946816
200 232 1.40503
201 233 2.12279
202 234 0.841181
203 235 0.590306
204 236 -0.239535
205 237 -0.679228
206 238 1.53937
207 239 0.468855
208 240 1.12066
209 241 0.41818
210 242 0.249027
211 243 0.301655
212 244 -0.509215
213 245 0.181867
214 246 -0.550096
215 247 -0.29576
216 248 1.10064
217 249 1.31004
218 250 1.98732
219 251 -1.29659
220 252 1.89167
221 253 0.928716
222 254 -0.446877
223 255 1.12747
224 256 0.0375591
225 257 0.524665
226 258 0.840216
227 259 0.331343
228 260 0.514799
229 261 1.31356
230 262 -0.294698
231 263 -0.216814
232 264 -0.899999
233 265 0.580534
234 266 0.89252
235 267 1.17342
236 268 0.0850178
237 269 -0.570987
238 270 -0.282376
239 271 1.14431
240 272 0.463723
241 273 1.1964
242 274 1.33021
243 275 0.403116
244 276 1.63591
245 277 1.22627
246 278 1.1822
247 279 0.318514
248 280 -0.654486
249 281 2.16999
250 282 0.518506
251 283 0.968016
252 284 1.72011
253 285 0.481931
254 286 0.647757
255 287 1.92689
256 288 1.54169
257 289 1.3075
258 290 0.959853
259 291 0.109032
260 292 -0.0640969
261 293 0.0398103
262 294 0.90403
263 295 0.930889
264 296 0.573258
265 297 1.5347
266 298 1.4639
267 299 1.69928
268 300 1.62978
269 301 1.43972
270 302 -0.0383448
271 303 1.68556
272 304 1.17444
273 305 -0.174821
274 306 -0.221138
275 307 1.04142
276 308 1.36974
277 309 1.92463
278 310 -0.0939007
279 311 1.2188
280 312 0.197532
281 313 0.673505
282 314 1.65023
283 315 -0.333039
284 316 2.84124
285 317 1.11431
286 318 2.04488
287 319 -0.921579
288 320 0.5336
289 321 0.0127478
290 322 0.750329
291 323 0.536059
292 324 0.55114
293 325 2.12489
294 326 0.686483
295 327 1.50352
296 328 -0.383462
297 329 0.546534
298 330 0.560567
299 331 1.03933
300 332 0.96725
301 333 1.60116
302 334 0.736117
303 335 0.415708
304 336 0.64401
305 337 0.831406
306 338 1.22757
307 339 0.436827
308 340 1.12593
309 341 0.357933
310 342 1.38485
311 343 0.816629
312 344 -0.687098
313 345 0.295577
314 346 0.178196
315 347 1.00602
316 348 1.99207
317 349 1.66595
318 350 0.213602
319 351 0.811997
320 352 0.977158
321 353 -0.0137523
322 354 1.52298
323 355 1.83768
324 356 -0.0530528
325 357 1.79735
326 358 2.4005
327 359 0.410403
328 360 2.21102
329 361 0.280795
330 362 -0.0962098
331 363 1.29294
332 364 0.257062
333 365 0.281342
334 366 0.83614
335 367 1.45535
336 368 0.815272
337 369 -0.0056529
338 370 -1.42478
339 371 1.21002
340 372 1.38061
341 373 0.394992
342 374 1.61144
343 375 1.25508
344 376 -0.384464
345 377 1.21858
346 378 1.38765
347 379 1.08544
348 380 1.13237
349 381 1.99665
350 382 0.993055
351 383 1.73199
352 384 0.266881
353 385 0.720291
354 386 1.18882
355 387 -0.123596
356 388 0.413401
357 389 0.835232
358 390 0.601047
359 391 0.237892
360 392 2.14637
361 393 1.20305
362 394 2.00391
363 395 0.555156
364 396 0.461714
365 397 1.09042
366 398 1.72736
367 399 1.16099
368 400 1.67079
369 401 1.03587
370 402 1.94571
371 403 0.43419
372 404 0.626377
373 405 -0.14088
374 406 0.827387
375 407 -0.0265865
376 408 -0.309569
377 409 -0.267688
378 410 0.52095
379 411 1.34637
380 412 1.48358
381 413 0.316681
382 414 0.337521
383 415 0.642219
384 416 0.814946
385 417 1.86363
386 418 -0.470684
387 419 0.910719
388 420 0.687566
389 421 0.788214
390 422 -0.277728
391 423 1.88687
392 424 -0.881144
393 425 0.111276
394 426 0.726251
395 427 0.679328
396 428 0.826655
397 429 -0.245206
398 430 -0.307596
399 431 1.0849
400 432 0.270483
401 433 0.712997
402 434 0.971889
403 435 1.23615
404 436 -0.329126
405 437 0.614631
406 438 0.210042
407 439 0.242303
408 440 0.137513
409 441 1.06558
410 442 0.118215
411 443 1.98357
412 444 0.273017
413 445 0.603107
414 446 2.499
415 447 1.53356
416 448 0.797338
417 449 -0.525216
418 450 0.262173
419 451 1.5545
420 452 0.838131
421 453 0.852439
422 454 0.127451
423 455 0.916052
424 456 0.832668
425 457 0.353498
426 458 -0.0358175
427 459 0.276901
428 460 0.63682
429 461 0.833758
430 462 0.20359
431 463 1.46852
432 464 0.244651
433 465 0.357523
434 466 -1.12595
435 467 1.59043
436 468 0.605906
437 469 1.59139
438 470 1.55568
439 471 0.838345
440 472 0.115098
441 473 1.10445
442 474 -0.298732
443 475 0.24323
444 476 1.23152
445 477 0.422203
446 478 1.44942
447 479 0.550841
448 480 0.286514
449 481 0.510658
450 482 0.186551
451 483 0.528985
452 484 0.0743491
453 485 0.560314
454 486 0.133165
455 487 -0.502183
456 488 0.0476536
457 489 2.01568
458 490 0.611935
459 491 -0.741898
460 492 0.664723
461 493 -0.304152
462 494 0.321244
463 495 1.38707
464 496 0.268212
465 497 1.38686
466 498 1.32747
467 499 1.12013
468 500 0.694752
469 501 0.519159
470 502 0.72655
471 503 -0.257685
472 504 -0.0648987
473 505 0.56673
474 506 -0.0651903
475 507 0.218528
476 508 1.11711
477 509 -1.13209
478 510 0.536303
479 511 -0.26329
480 512 0.130342
481 513 0.260104
482 514 0.792865
483 515 0.74683
484 516 1.09853
485 517 2.22539
486 518 0.601625
487 519 0.14615
488 520 0.0389124
489 521 0.809486
490 522 -0.677956
491 523 0.269153
492 524 -0.609598
493 525 0.120818
494 526 1.53329
495 527 -0.473628
496 528 1.11497
497 529 0.0945887
498 530 1.74543
499 531 0.547647
500 532 1.35799
501 533 0.949286
502 534 0.963252
503 535 0.387568
504 536 0.94994
505 537 1.36308
506 538 0.680229
507 539 0.751435
508 540 -0.177156
509 541 0.852334
510 542 0.0995728
511 543 -0.552216
512 544 -0.220217
513 545 0.60317
514 546 1.11243
515 547 2.16372
516 548 -0.293125
517 549 1.29245
518 550 0.472157
519 551 0.648277
520 552 0.92662
521 553 0.492194
522 554 0.796224
523 555 0.841033
524 556 0.474793
525 557 1.11169
526 558 1.94128
527 559 0.0695784
528 560 0.387932
529 561 0.473131
530 562 0.449711
531 563 -0.162187
532 564 -0.43018
533 565 -0.0124063
534 566 0.128596
535 567 -0.121939
536 568 0.496047
537 569 -0.0159903
538 570 -0.225954
539 571 0.928097
540 572 0.41122
541 573 0.409475
542 574 0.530151
543 575 0.687855
544 576 0.661814
545 577 0.524683
546 578 0.233981
547 579 0.478482
548 580 -0.186615
549 581 0.903485
550 582 0.0305947
551 583 2.15595
552 584 0.925251
553 585 0.16437
554 586 1.43383
555 587 0.576074
556 588 1.09606
557 589 -0.384314
558 590 0.957481
559 591 1.52538
560 592 0.459567
561 593 0.541101
562 594 1.28481
563 595 2.23969
564 596 1.72708
565 597 2.3162
566 598 0.650257
567 599 2.15978
568 600 -0.27545
569 601 0.306752
570 602 -0.0739452
571 603 0.202903
572 604 -0.480359
573 605 1.93232
574 606 0.9527
575 607 0.203772
576 608 0.113944
577 609 0.826938
578 610 0.0593957
579 611 0.524258
580 612 1.51972
581 613 1.25311
582 614 0.254016
583 615 2.39135
584 616 1.33653
585 617 0.913972
586 618 0.781658
587 619 1.80528
588 620 0.478845
589 621 0.157565
590 622 1.26126
591 623 0.247035
592 624 1.26527
593 625 1.14274
594 626 1.91506
595 627 0.47937
596 628 0.326234
597 629 0.906136
598 630 1.6097
599 631 0.422184
600 632 1.26556
601 633 0.0966063
602 634 -0.0656211
603 635 0.328204
604 636 0.398144
605 637 1.39128
606 638 0.280525
607 639 0.0245911
608 640 1.05653
609 641 1.35955
610 642 -0.830056
611 643 2.34137
612 644 -0.564584
613 645 -0.434577
614 646 0.474818
615 647 0.355164
616 648 0.895463
617 649 0.702534
618 650 0.331499
619 651 -0.486582
620 652 1.05595
621 653 1.24288
622 654 1.50541
623 655 0.80864
624 656 1.11673
625 657 2.46672
626 658 -0.233428
627 659 1.14474
628 660 -0.731356
629 661 0.67025
630 662 -0.626308
631 663 0.0925924
632 664 0.687021
633 665 1.3466
634 666 2.21442
635 667 -0.20534
636 668 -0.819428
637 669 1.77174
638 670 0.404547
639 671 0.69225
640 672 0.483718
641 673 -0.759576
642 674 2.6409
643 675 1.67048
644 676 0.457529
645 677 0.960288
646 678 -0.507906
647 679 0.316305
648 680 2.34314
649 681 1.85439
650 682 0.698118
651 683 0.268834
652 684 0.380282
653 685 0.128311
654 686 0.212465
655 687 1.10274
656 688 -0.337953
657 689 1.49059
658 690 1.8179
659 691 1.8387
660 692 0.440463
661 693 0.434686
662 694 0.380369
663 695 0.623574
664 696 0.51501
665 697 0.483241
666 698 1.61846
667 699 0.602935
668 700 1.04916
669 701 1.41739
670 702 0.352364
671 703 0.229668
672 704 0.369157
673 705 1.2644
674 706 1.51951
675 707 0.531008
676 708 2.43418
677 709 -0.180272
678 710 2.3353
679 711 -0.113133
680 712 -0.118802
681 713 0.51704
682 714 -1.14424
683 715 -0.17016
684 716 1.15767
685 717 0.0613751
686 718 -0.143388
687 719 1.23694
688 720 0.432209
689 721 0.420881
690 722 1.37156
691 723 -0.40259
692 724 0.372748
693 725 -0.4768
694 726 0.239739
695 727 -0.279762
696 728 0.0477173
697 729 -0.442735
698 730 1.20067
699 731 1.56473
700 732 1.34616
701 733 -0.188462
702 734 0.079115
703 735 2.33147
704 736 0.294332
705 737 1.62625
706 738 0.265529
707 739 0.145212
708 740 1.33382
709 741 0.804041
710 742 0.482811
711 743 0.532988
712 744 -0.227282
713 745 1.03703
714 746 1.40306
715 747 1.02576
716 748 0.489612
717 749 -0.150276
718 750 0.0377584
719 751 0.304422
720 752 0.725008
721 753 -0.211437
722 754 0.629291
723 755 1.83139
724 756 -0.145121
725 757 -0.663296
726 758 0.65934
727 759 -0.128331
728 760 0.275087
729 761 0.764476
730 762 0.15523
731 763 -0.560342
732 764 -0.0538315
733 765 0.811054
734 766 1.27835
735 767 -1.03116
736 768 0.640435
737 769 2.66592
738 770 0.40168
739 771 0.240915
740 772 0.123813
741 773 0.952721
742 774 -0.762186
743 775 0.610696
744 776 1.70832
745 777 0.96202
746 778 1.0678
747 779 1.49161
748 780 1.41647
749 781 1.87127
750 782 1.5979
751 783 1.18044
752 784 0.56412
753 785 -0.325118
754 786 0.0178395
755 787 -0.0974576
756 788 0.0593784
757 789 0.899074
758 790 0.984835
759 791 1.35874
760 792 1.01912
761 793 0.110286
762 794 -0.310118
763 795 1.80849
764 796 0.329773
765 797 0.259725
766 798 -0.0595062
767 799 0.102692
768 800 0.821157
769 801 0.439664
770 802 1.04126
771 803 1.05976
772 804 -0.465875
773 805 1.29926
774 806 0.850085
775 807 0.0858553
776 808 0.695648
777 809 0.397354
778 810 0.848504
779 811 0.667605
780 812 0.358664
781 813 -0.0121218
782 814 -0.545546
783 815 0.768838
784 816 2.15174
785 817 3.67303
786 818 0.158163
787 819 1.01775
788 820 0.723475
789 821 1.1716
790 822 2.39176
791 823 0.216852
792 824 -0.138742
793 825 -0.291646
794 826 1.61197
795 827 -0.137728
796 828 0.529201
797 829 0.328481
798 830 0.560289
799 831 -0.0434992
800 832 1.47943
801 833 0.711328
802 834 1.57882
803 835 -0.714216
804 836 2.04833
805 837 0.906275
806 838 0.318849
807 839 -0.011344
808 840 -0.848116
809 841 0.715727
810 842 1.12276
811 843 1.68134
812 844 -0.519786
813 845 1.12012
814 846 0.925493
815 847 0.102974
816 848 -0.122537
817 849 -0.616774
818 850 0.889118
819 851 0.592183
820 852 0.694365
821 853 1.33202
822 854 0.182604
823 855 0.334625
824 856 1.40812
825 857 1.79616
826 858 1.26301
827 859 1.25614
828 860 0.184379
829 861 1.32075
830 862 0.0465409
831 863 0.609982
832 864 0.633572
833 865 0.625677
834 866 1.18091
835 867 0.363362
836 868 -0.212526
837 869 -0.466795
838 870 0.384648
839 871 0.323958
840 872 0.269186
841 873 -0.263208
842 874 0.83765
843 875 -0.271255
844 876 -0.128297
845 877 0.734703
846 878 0.54402
847 879 0.707493
848 880 1.83156
849 881 -0.580215
850 882 1.17643
851 883 0.411538
852 884 -0.313466
853 885 1.11609
854 886 0.0884463
855 887 1.73393
856 888 -0.435714
857 889 0.964807
858 890 0.108568
859 891 0.616066
860 892 1.3547
861 893 0.0712657
862 894 1.73972
863 895 0.964
864 896 0.417474
865 897 -0.67503
866 898 1.80361
867 899 0.240241
868 900 1.20554
869 901 0.388905
870 902 0.503607
871 903 1.04141
872 904 -1.28748
873 905 0.408272
874 906 0.103816
875 907 -0.482462
876 908 -0.258462
877 909 0.463526
878 910 0.957639
879 911 1.17359
880 912 -0.43751
881 913 0.478836
882 914 1.78379
883 915 0.698587
884 916 -0.600376
885 917 1.40517
886 918 0.297463
887 919 -1.17506
888 920 1.76764
889 921 0.314104
890 922 0.277271
891 923 1.26595
892 924 0.239003
893 925 1.1484
894 926 0.554568
895 927 0.178775
896 928 -0.317894
897 929 1.69378
898 930 1.44221
899 931 0.763151
900 932 0.954086
901 933 0.692944
902 934 0.59027
903 935 1.3288
904 936 0.482302
905 937 0.514389
906 938 1.08557
907 939 0.492169
908 940 -0.218361
909 941 0.976454
910 942 1.20966
911 943 2.06296
912 944 2.31649
913 945 0.521958
914 946 1.14001
915 947 0.535544
916 948 0.0794446
917 949 1.10238
918 950 -0.536751
919 951 1.49493
920 952 0.275836
921 953 -0.108546
922 954 1.94331
923 955 1.25033
924 956 2.23639
925 957 0.37617
926 958 0.732973
927 959 1.74985
928 960 -0.0294937
929 961 -0.240004
930 962 1.1962
931 963 -0.591272
932 964 0.0102052
933 965 0.494976
934 966 0.355808
935 967 1.81238
936 968 0.810958
937 969 1.93205
938 970 1.33306
939 971 0.406257
940 972 1.24454
941 973 -0.596782
942 974 -0.186701
943 975 1.40247
944 976 1.45242
945 977 0.619622
946 978 1.09826
947 979 1.3657
948 980 0.122141
949 981 1.06718
950 982 0.234437
951 983 0.966375
952 984 0.552231
953 985 -0.626531
954 986 1.27994
955 987 0.176082
956 988 1.59588
957 989 0.756552
958 990 0.944993
959 991 -0.393172
960 992 0.86204
961 993 1.07571
962 994 -0.14806
963 995 0.577823
964 996 1.52353
965 997 -0.170521
966 998 0.695334
967 999 1.39709
968 1000 0.140203
969 1001 -0.755011
970 1002 1.24347
971 1003 2.25068
972 1004 0.671967
973 1005 0.356429
974 1006 1.47028
975 1007 0.849347
976 1008 1.39745
977 1009 1.80636
978 1010 -0.879288
979 1011 1.47636
980 1012 1.09398
981 1013 1.64003
982 1014 0.743816
983 1015 1.34321
984 1016 0.11143
985 1017 1.77537
986 1018 0.237471
987 1019 0.226244
988 1020 0.405848
989 1021 -0.558186
990 1022 0.068347
991 1023 0.214766
992 1024 0.154024
993 1 0
994 2 0
995 3 0
996 4 0
997 5 0
998 6 0
999 7 0
1000 8 0
1001 9 0
1002 10 0
1003 11 0
1004 12 0
1005 13 0
1006 14 0
1007 15 0
1008 16 0
1009 17 0
1010 18 0
1011 19 0
1012 20 0
1013 21 0
1014 22 0
1015 23 0
1016 24 0
1017 25 0
1018 26 0
1019 27 0
1020 28 0
1021 29 0
1022 30 0
1023 31 0
1024 32 0
