0 1 1.22147
1 2 -0.113037
2 3 0.012284
3 4 0.556312
4 5 2.15192
5 6 0.398903
6 7 0.790531
7 8 0.862981
8 9 0.948611
9 10 0.0043997
10 11 1.38382
11 12 0.128084
12 13 -1.01018
13 14 1.2722
14 15 0.136405
15 16 0.91283
16 17 0.597184
17 18 0.968743
18 19 1.54936
19 20 0.20682
20 21 0.903774
21 22 0.232952
22 23 0.387649
23 24 1.31234
24 25 0.101436
25 26 0.407934
26 27 0.304645
27 28 0.268444
28 29 0.17492
29 30 1.11522
30 31 1.0464
31 0 0
32 33 0.750771
33 34 2.02729
34 35 2.21852
35 36 0.806185
36 37 -0.080653
37 38 0.798026
38 39 0.838401
39 40 -0.415551
40 41 0.0120206
41 42 0.339652
42 43 0.271934
43 44 -0.0579168
44 45 0.140009
45 46 1.6292
46 47 -0.0001031
47 48 -0.0047252
48 49 1.93885
49 50 0.384782
50 51 1.27808
51 52 2.28296
52 53 -0.21425
53 54 0.167812
54 55 -1.39236
55 56 0.84546
56 57 1.53519
57 58 0.173339
58 59 0.0529462
59 60 1.83305
60 61 0.407803
61 62 -1.19509
62 63 0.88262
63 32 0
64 65 0.489616
65 66 0.702559
66 67 -0.200005
67 68 0.736446
68 69 -0.14326
69 70 1.41688
70 71 1.14297
71 72 0.159071
72 73 2.4947
73 74 0.272046
74 75 1.11101
75 76 0.982419
76 77 1.02872
77 78 0.558305
78 79 0.334125
79 80 1.81211
80 81 3.15848
81 82 -1.0391
82 83 0.342022
83 84 0.747236
84 85 0.763346
85 86 1.14352
86 87 0.544778
87 88 1.35263
88 89 1.07577
89 90 0.324924
90 91 0.305116
91 92 1.58983
92 93 0.554148
93 94 0.335476
94 95 -0.437109
95 64 0
96 97 0.359324
97 98 0.306215
98 99 1.80988
99 100 0.837796
100 101 -0.105494
101 102 0.692698
102 103 -1.14817
103 104 -0.602571
104 105 0.381383
105 106 0.194773
106 107 -0.115876
107 108 0.32112
108 109 0.422528
109 110 0.931691
110 111 -0.360139
111 112 -0.224561
112 113 -0.423888
113 114 1.75226
114 115 -0.720092
115 116 0.593902
116 117 0.849569
117 118 0.848185
118 119 -0.0337865
119 120 0.210478
120 121 0.325524
121 122 2.2319
122 123 1.20341
123 124 0.457683
124 125 0.990774
125 126 2.37113
126 127 1.55499
127 96 0
128 129 -1.18113
129 130 0.821838
130 131 -0.0161075
131 132 0.591746
132 133 -0.414827
133 134 0.736187
134 135 0.856996
135 136 0.606686
136 137 1.45778
137 138 0.937795
138 139 0.606308
139 140 -0.239897
140 141 -0.495597
141 142 0.443368
142 143 -0.145018
143 144 0.191431
144 145 1.17797
145 146 0.0211558
146 147 0.380234
147 148 0.709003
148 149 -0.141862
149 150 0.669156
150 151 0.85838
151 152 0.286142
152 153 0.499718
153 154 1.36394
154 155 -0.874649
155 156 0.663221
156 157 1.77865
157 158 -1.43797
158 159 0.153355
159 128 0
160 161 1.32717
161 162 0.201747
162 163 0.322353
163 164 0.748798
164 165 1.09293
165 166 0.730595
166 167 0.301006
167 168 1.72839
168 169 1.13965
169 170 0.64946
170 171 0.31579
171 172 0.945561
172 173 1.08312
173 174 0.902522
174 175 1.30379
175 176 -0.15102
176 177 1.47202
177 178 1.02255
178 179 0.790251
179 180 -0.632622
180 181 2.5799
181 182 1.57403
182 183 0.210146
183 184 -0.288332
184 185 1.7039
185 186 0.517088
186 187 1.57191
187 188 -0.570174
188 189 1.05289
189 190 2.55262
190 191 -0.286465
191 160 0
192 193 0.720417
193 194 -0.548233
194 195 1.4073
195 196 1.12683
196 197 -1.01484
197 198 -0.244687
198 199 -0.488656
199 200 1.46388
200 201 -0.424371
201 202 0.21318
202 203 1.87714
203 204 0.314373
204 205 0.481517
205 206 -0.425296
206 207 0.0099469
207 208 0.466939
208 209 0.440085
209 210 2.08508
210 211 2.01351
211 212 0.792428
212 213 1.60895
213 214 0.144121
214 215 -0.587892
215 216 1.49983
216 217 1.14201
217 218 0.64819
218 219 -0.0302514
219 220 0.211863
220 221 0.389059
221 222 0.936121
222 223 2.27487
223 192 0
224 225 -0.967515
225 226 1.53044
226 227 -0.0727447
227 228 0.836369
228 229 -0.017918
229 230 0.315581
230 231 1.16068
231 232 0.779533
232 233 0.198937
233 234 2.55315
234 235 0.432944
235 236 0.770191
236 237 0.368113
237 238 0.610553
238 239 0.628285
239 240 0.420159
240 241 0.936204
241 242 1.07161
242 243 0.791782
243 244 -0.778372
244 245 -0.117664
245 246 1.18217
246 247 0.510669
247 248 -0.161278
248 249 1.42303
249 250 -0.208891
250 251 -0.148295
251 252 0.0090876
252 253 1.36099
253 254 0.852062
254 255 1.59676
255 224 0
256 257 1.99392
257 258 -0.121121
258 259 -0.466041
259 260 0.60387
260 261 0.576122
261 262 -0.409343
262 263 1.06141
263 264 -0.527498
264 265 0.94219
265 266 1.46401
266 267 1.09162
267 268 0.631132
268 269 0.103259
269 270 0.951791
270 271 1.05297
271 272 0.0874304
272 273 0.620841
273 274 0.67936
274 275 1.17709
275 276 1.316
276 277 0.362754
277 278 0.992097
278 279 -0.251997
279 280 0.762968
280 281 0.958322
281 282 -0.834337
282 283 -0.0553686
283 284 -0.0162307
284 285 1.051
285 286 0.797626
286 287 0.235718
287 256 0
288 289 0.443901
289 290 -0.57209
290 291 0.895633
291 292 0.920836
292 293 1.41639
293 294 0.853543
294 295 0.44695
295 296 1.09774
296 297 0.320877
297 298 1.56499
298 299 0.463947
299 300 0.342968
300 301 -0.193303
301 302 0.46144
302 303 1.43865
303 304 0.970791
304 305 1.48995
305 306 -0.662561
306 307 -0.141166
307 308 -0.582036
308 309 0.230853
309 310 -0.0883505
310 311 0.292678
311 312 1.75065
312 313 2.33447
313 314 0.809708
314 315 0.698063
315 316 0.886687
316 317 0.350709
317 318 1.40546
318 319 0.986705
319 288 0
320 321 0.129314
321 322 0.704592
322 323 0.0133117
323 324 1.24235
324 325 2.14066
325 326 0.708235
326 327 -0.988831
327 328 1.10703
328 329 1.11592
329 330 0.197235
330 331 0.748563
331 332 0.689485
332 333 1.9796
333 334 0.700195
334 335 1.98399
335 336 2.85744
336 337 -0.0521661
337 338 1.23267
338 339 0.823821
339 340 -0.770692
340 341 0.201648
341 342 0.913039
342 343 0.405088
343 344 -0.252719
344 345 0.356477
345 346 -0.454466
346 347 1.36854
347 348 0.876935
348 349 1.16608
349 350 0.841493
350 351 -0.29012
351 320 0
352 353 -0.1749
353 354 0.998915
354 355 1.35237
355 356 -0.89229
356 357 0.464826
357 358 0.350735
358 359 1.63882
359 360 0.70345
360 361 2.21518
361 362 0.223785
362 363 0.0616197
363 364 0.408775
364 365 0.95594
365 366 0.260123
366 367 2.16102
367 368 3.15827
368 369 1.2124
369 370 0.766962
370 371 0.0750872
371 372 0.146253
372 373 0.222821
373 374 0.652616
374 375 0.369684
375 376 -0.141901
376 377 0.883624
377 378 0.714105
378 379 0.621689
379 380 0.847407
380 381 -0.507596
381 382 0.304753
382 383 -0.208897
383 352 0
384 385 -0.176681
385 386 1.20742
386 387 1.52062
387 388 1.7563
388 389 1.19245
389 390 -0.188886
390 391 1.553
391 392 0.924105
392 393 1.51206
393 394 0.285078
394 395 2.48355
395 396 -0.408818
396 397 0.251307
397 398 1.17896
398 399 0.1875
399 400 -0.812305
400 401 0.781352
401 402 2.23213
402 403 0.0205708
403 404 0.720316
404 405 0.273413
405 406 0.145374
406 407 0.285644
407 408 0.466973
408 409 0.16088
409 410 0.286806
410 411 1.16373
411 412 1.77678
412 413 1.50983
413 414 0.996103
414 415 0.45794
415 384 0
416 417 1.06187
417 418 1.35083
418 419 0.710517
419 420 0.306026
420 421 0.571134
421 422 0.0752015
422 423 2.06791
423 424 0.622309
424 425 0.276632
425 426 0.462049
426 427 1.90827
427 428 -0.101444
428 429 0.0419494
429 430 0.665311
430 431 1.55136
431 432 0.190881
432 433 0.07099
433 434 -0.721371
434 435 0.195934
435 436 0.258885
436 437 0.316034
437 438 0.793447
438 439 0.934161
439 440 -0.278
440 441 1.23693
441 442 0.825362
442 443 2.55748
443 444 0.797909
444 445 -0.75026
445 446 1.30902
446 447 2.37553
447 416 0
448 449 0.447525
449 450 0.387724
450 451 0.329527
451 452 0.996772
452 453 0.384857
453 454 0.314249
454 455 0.765456
455 456 0.230563
456 457 0.582484
457 458 0.21334
458 459 2.37478
459 460 0.293176
460 461 1.53867
461 462 -0.441624
462 463 0.216127
463 464 0.122775
464 465 1.40407
465 466 0.580822
466 467 1.17205
467 468 1.46881
468 469 -0.717696
469 470 0.365426
470 471 0.0402804
471 472 -1.05013
472 473 0.126636
473 474 -0.642855
474 475 1.82353
475 476 2.18204
476 477 0.0455025
477 478 1.70857
478 479 0.95416
479 448 0
480 481 0.407942
481 482 1.33693
482 483 3.06752
483 484 0.0977041
484 485 -0.560645
485 486 1.22138
486 487 0.86253
487 488 0.646772
488 489 -0.460541
489 490 0.338084
490 491 0.80727
491 492 0.69126
492 493 1.41411
493 494 -0.551745
494 495 -0.0785426
495 496 1.0252
496 497 0.138467
497 498 0.626404
498 499 1.43859
499 500 1.30072
500 501 0.278594
501 502 2.63239
502 503 -0.152124
503 504 1.2448
504 505 1.19188
505 506 0.840324
506 507 -0.135528
507 508 1.39502
508 509 0.624692
509 510 -0.0614862
510 511 -0.107266
511 480 0
512 513 1.37152
513 514 0.0481553
514 515 0.466104
515 516 0.999219
516 517 1.53196
517 518 0.198317
518 519 0.231414
519 520 1.14349
520 521 0.79555
521 522 1.01971
522 523 0.622344
523 524 1.79375
524 525 -0.107812
525 526 1.91921
526 527 0.5973
527 528 1.50496
528 529 0.390097
529 530 1.88037
530 531 -0.0087937
531 532 0.118557
532 533 1.67065
533 534 1.56864
534 535 -0.485948
535 536 0.970182
536 537 1.4109
537 538 0.876191
538 539 0.290449
539 540 1.78932
540 541 0.796378
541 542 -0.987233
542 543 1.06496
543 512 0
544 545 -0.672071
545 546 0.300887
546 547 0.3793
547 548 1.16236
548 549 -0.289523
549 550 -0.405611
550 551 0.252632
551 552 0.538187
552 553 0.678334
553 554 0.632474
554 555 0.950995
555 556 1.81741
556 557 0.422487
557 558 0.809872
558 559 0.953724
559 560 0.742183
560 561 -0.344648
561 562 1.2327
562 563 -0.0107935
563 564 -0.105872
564 565 0.26179
565 566 0.379242
566 567 0.108519
567 568 0.403363
568 569 0.311368
569 570 1.5299
570 571 0.744398
571 572 -0.0640695
572 573 0.310941
573 574 0.53915
574 575 -0.485499
575 544 0
576 577 1.03926
577 578 0.184851
578 579 0.391401
579 580 0.850585
580 581 0.306705
581 582 1.10355
582 583 -0.0019871
583 584 0.961864
584 585 -0.179837
585 586 1.2269
586 587 -0.422049
587 588 -0.161253
588 589 0.331257
589 590 0.659175
590 591 1.14137
591 592 0.723274
592 593 1.28711
593 594 0.199627
594 595 0.55515
595 596 -0.56547
596 597 0.99018
597 598 0.443745
598 599 1.18909
599 600 0.48656
600 601 0.16568
601 602 0.247945
602 603 0.541916
603 604 1.54647
604 605 1.62871
605 606 0.790972
606 607 1.34285
607 576 0
608 609 0.340847
609 610 0.808133
610 611 2.97606
611 612 -0.902129
612 613 0.620514
613 614 0.0544621
614 615 1.11329
615 616 0.594123
616 617 0.572641
617 618 0.513946
618 619 1.61925
619 620 1.14488
620 621 0.486449
621 622 0.516531
622 623 1.02074
623 624 2.3371
624 625 -0.2177
625 626 0.889613
626 627 1.12666
627 628 0.47961
628 629 0.999689
629 630 0.804272
630 631 0.786672
631 632 0.916366
632 633 -0.49619
633 634 1.41519
634 635 0.441111
635 636 0.386373
636 637 -0.274983
637 638 1.50878
638 639 -0.0446656
639 608 0
640 641 0.281983
641 642 0.673447
642 643 -0.0578994
643 644 0.350738
644 645 1.13202
645 646 0.41633
646 647 0.615235
647 648 1.11966
648 649 2.24794
649 650 0.848306
650 651 -0.514482
651 652 1.4801
652 653 0.495142
653 654 0.939173
654 655 0.151116
655 656 1.42004
656 657 1.29272
657 658 0.220657
658 659 1.59131
659 660 -0.209753
660 661 0.256837
661 662 0.552853
662 663 1.16906
663 664 1.02957
664 665 0.835376
665 666 0.323054
666 667 0.779442
667 668 0.822066
668 669 0.318553
669 670 -0.292786
670 671 1.54825
671 640 0
672 673 0.59779
673 674 -0.696523
674 675 -0.0247436
675 676 1.41252
676 677 -0.646386
677 678 1.2821
678 679 0.345898
679 680 2.26299
680 681 0.534407
681 682 -0.10764
682 683 1.15002
683 684 0.828612
684 685 0.828528
685 686 -0.182336
686 687 0.0537211
687 688 1.52557
688 689 0.261795
689 690 0.466684
690 691 0.621294
691 692 0.535921
692 693 1.21504
693 694 1.2386
694 695 2.32809
695 696 1.155
696 697 0.927498
697 698 0.819211
698 699 1.62428
699 700 1.38275
700 701 0.892684
701 702 1.27071
702 703 -0.703744
703 672 0
704 705 1.03162
705 706 -0.219348
706 707 1.32199
707 708 2.03152
708 709 -0.269533
709 710 -0.589938
710 711 0.628702
711 712 0.677666
712 713 0.593647
713 714 0.877005
714 715 -1.06347
715 716 0.954399
716 717 0.587201
717 718 0.327431
718 719 0.654435
719 720 1.38794
720 721 1.68419
721 722 0.839284
722 723 0.407969
723 724 -0.812725
724 725 -0.110043
725 726 -0.14094
726 727 1.13868
727 728 0.405921
728 729 -0.632842
729 730 1.54364
730 731 1.4003
731 732 0.180004
732 733 1.50858
733 734 2.33101
734 735 0.365781
735 704 0
736 737 1.28385
737 738 0.619616
738 739 0.33041
739 740 0.782738
740 741 1.8895
741 742 1.62769
742 743 0.827138
743 744 0.701761
744 745 0.275006
745 746 1.67834
746 747 1.63924
747 748 0.386909
748 749 -0.194945
749 750 1.16689
750 751 0.521451
751 752 0.304423
752 753 0.84515
753 754 1.43526
754 755 0.702705
755 756 0.672915
756 757 0.689893
757 758 0.205747
758 759 0.107186
759 760 -0.506022
760 761 0.834893
761 762 -0.13137
762 763 -0.12749
763 764 0.240174
764 765 0.269108
765 766 -0.0166535
766 767 0.794641
767 736 0
768 769 0.14825
769 770 0.276161
770 771 0.31467
771 772 2.08834
772 773 1.55866
773 774 -0.330982
774 775 2.01935
775 776 0.0653536
776 777 0.896622
777 778 0.466696
778 779 1.13858
779 780 -0.0086517
780 781 0.877847
781 782 1.01319
782 783 1.6695
783 784 0.481978
784 785 0.256366
785 786 0.693983
786 787 1.01762
787 788 1.09071
788 789 0.28942
789 790 1.99378
790 791 1.33323
791 792 1.37763
792 793 1.08932
793 794 0.648584
794 795 0.807809
795 796 0.859798
796 797 1.21444
797 798 1.44312
798 799 0.9526
799 768 0
800 801 -0.416919
801 802 0.311026
802 803 1.17952
803 804 0.906391
804 805 1.32297
805 806 0.215873
806 807 -0.234282
807 808 1.39641
808 809 1.28587
809 810 -0.204669
810 811 0.34782
811 812 0.435708
812 813 0.163164
813 814 0.804135
814 815 0.217743
815 816 0.652153
816 817 2.19656
817 818 -0.0512527
818 819 0.0740952
819 820 -0.464322
820 821 0.291494
821 822 1.13502
822 823 0.208269
823 824 0.244758
824 825 0.559781
825 826 2.68607
826 827 0.715341
827 828 0.154999
828 829 0.663501
829 830 0.777874
830 831 0.309171
831 800 0
832 833 0.507184
833 834 0.6112
834 835 0.396243
835 836 0.643828
836 837 0.550215
837 838 0.919361
838 839 1.98971
839 840 0.541986
840 841 1.49829
841 842 0.339821
842 843 1.04457
843 844 -0.105028
844 845 0.256179
845 846 0.383786
846 847 0.391206
847 848 0.477942
848 849 0.422655
849 850 0.0141477
850 851 0.235046
851 852 0.516502
852 853 0.598114
853 854 1.58877
854 855 0.0972316
855 856 1.22539
856 857 1.2148
857 858 0.510379
858 859 1.02497
859 860 1.0696
860 861 1.05539
861 862 0.800863
862 863 0.801914
863 832 0
864 865 0.467593
865 866 1.45395
866 867 0.78424
867 868 1.26395
868 869 -0.102696
869 870 -0.720977
870 871 1.09456
871 872 0.152666
872 873 1.5295
873 874 1.41203
874 875 1.67627
875 876 0.792252
876 877 -0.854942
877 878 1.14662
878 879 1.40254
879 880 0.291747
880 881 0.469312
881 882 0.0423467
882 883 0.711293
883 884 -0.150471
884 885 -0.198518
885 886 -1.2543
886 887 1.15526
887 888 0.703856
888 889 2.98442
889 890 0.423609
890 891 2.07998
891 892 -0.0482175
892 893 0.435806
893 894 -0.150336
894 895 -0.292299
895 864 0
896 897 1.77482
897 898 -0.396104
898 899 0.578908
899 900 1.31713
900 901 0.372971
901 902 0.521654
902 903 -0.279781
903 904 -0.49886
904 905 1.19699
905 906 0.656385
906 907 0.220693
907 908 1.55823
908 909 1.55506
909 910 1.00653
910 911 1.41875
911 912 0.913357
912 913 1.03215
913 914 0.505978
914 915 -0.415374
915 916 0.217571
916 917 1.46932
917 918 0.466338
918 919 0.53659
919 920 0.984708
920 921 1.9369
921 922 0.864569
922 923 0.57895
923 924 0.61622
924 925 -0.208232
925 926 0.774523
926 927 0.736665
927 896 0
928 929 0.770663
929 930 0.442772
930 931 0.641844
931 932 -0.257574
932 933 0.736619
933 934 1.53766
934 935 0.627287
935 936 1.11934
936 937 2.04727
937 938 0.474732
938 939 -0.499665
939 940 0.71158
940 941 0.847012
941 942 0.605674
942 943 0.569646
943 944 1.61846
944 945 1.04926
945 946 -0.0528367
946 947 0.752366
947 948 -0.375354
948 949 0.426335
949 950 -0.165597
950 951 1.34661
951 952 1.06651
952 953 1.92505
953 954 1.48992
954 955 -0.331948
955 956 0.697922
956 957 0.247976
957 958 0.530281
958 959 0.475231
959 928 0
960 961 1.10683
961 962 0.914808
962 963 0.409717
963 964 0.503201
964 965 1.59459
965 966 0.669575
966 967 0.775601
967 968 -0.66992
968 969 1.23939
969 970 1.62771
970 971 -0.55197
971 972 1.87975
972 973 1.72414
973 974 0.980967
974 975 -0.554427
975 976 -0.0720102
976 977 -0.247084
977 978 0.402581
978 979 -0.600003
979 980 -0.023616
980 981 -0.62182
981 982 0.162084
982 983 0.756252
983 984 0.119357
984 985 -0.219319
985 986 0.753434
986 987 0.378038
987 988 0.755298
988 989 1.14715
989 990 0.993652
990 991 -0.50982
991 960 0
992 993 0.709611
993 994 1.09711
994 995 -0.210038
995 996 0.701511
996 997 0.165572
997 998 0.0755394
998 999 0.65623
999 1000 0.326322
1000 1001 -0.515201
1001 1002 1.01955
1002 1003 0.477723
1003 1004 1.06523
1004 1005 1.18203
1005 1006 -0.145847
1006 1007 0.640144
1007 1008 1.00071
1008 1009 0.787442
1009 1010 0.067151
1010 1011 1.61806
1011 1012 0.196705
1012 1013 0.921982
1013 1014 0.282288
1014 1015 1.0339
1015 1016 1.22863
1016 1017 1.32694
1017 1018 -0.470148
1018 1019 0.217125
1019 1020 0.398299
1020 1021 -0.255317
1021 1022 -1.16156
1022 1023 0.66833
1023 992 0
0 32 0.895417
1 33 1.51217
2 34 0.44345
3 35 0.467016
4 36 0.190881
5 37 1.28388
6 38 1.32783
7 39 0.0185689
8 40 0.827277
9 41 -0.364015
10 42 0.45125
11 43 1.21656
12 44 1.27325
13 45 1.38714
14 46 0.165341
15 47 0.504469
16 48 0.467756
17 49 1.32086
18 50 -0.286453
19 51 0.496437
20 52 0.294818
21 53 0.138251
22 54 1.9854
23 55 -0.678705
24 56 2.33376
25 57 2.05162
26 58 0.304914
27 59 0.440146
28 60 0.47427
29 61 0.62178
30 62 0.454495
31 63 0.177749
32 64 0.0313578
33 65 -0.350855
34 66 1.39811
35 67 0.790889
36 68 0.0391296
37 69 1.06385
38 70 -0.314266
39 71 1.30497
40 72 0.622475
41 73 0.532743
42 74 0.146764
43 75 1.12158
44 76 1.29668
45 77 2.12805
46 78 0.312869
47 79 2.25066
48 80 1.21953
49 81 0.0293466
50 82 0.764475
51 83 0.722798
52 84 0.317943
53 85 0.0555612
54 86 1.65728
55 87 1.23543
56 88 0.649332
57 89 0.244291
58 90 0.225479
59 91 0.931728
60 92 -0.585692
61 93 0.831726
62 94 0.218331
63 95 1.96324
64 96 0.0113147
65 97 1.37869
66 98 0.314377
67 99 -0.199713
68 100 1.6402
69 101 2.09251
70 102 1.59172
71 103 1.14998
72 104 1.36436
73 105 -0.575622
74 106 -0.268899
75 107 1.85479
76 108 1.43962
77 109 0.681571
78 110 0.627114
79 111 0.284984
80 112 -0.119763
81 113 0.529636
82 114 0.839145
83 115 1.79172
84 116 0.0856393
85 117 -0.0735118
86 118 1.69012
87 119 1.34195
88 120 1.87158
89 121 0.741124
90 122 1.01873
91 123 1.43104
92 124 0.713767
93 125 1.69207
94 126 1.19751
95 127 1.79409
96 128 0.489234
97 129 -0.0970774
98 130 0.611461
99 131 1.67217
100 132 -0.185393
101 133 0.927289
102 134 0.959865
103 135 0.954972
104 136 0.808404
105 137 1.02317
106 138 0.658941
107 139 0.348367
108 140 1.88136
109 141 0.371853
110 142 1.12393
111 143 0.974942
112 144 1.29053
113 145 0.967735
114 146 0.670947
115 147 0.851411
116 148 -0.603289
117 149 0.814326
118 150 1.12731
119 151 -0.333023
120 152 1.91053
121 153 0.463914
122 154 0.880252
123 155 2.51046
124 156 1.78802
125 157 0.183495
126 158 1.43722
127 159 0.237325
128 160 1.10496
129 161 0.905188
130 162 2.56588
131 163 -0.0609183
132 164 0.971199
133 165 2.00312
134 166 0.800303
135 167 1.39792
136 168 -0.947743
137 169 0.740246
138 170 0.185955
139 171 0.282234
140 172 0.180279
141 173 0.167405
142 174 0.438467
143 175 1.41663
144 176 0.0333349
145 177 -0.417359
146 178 1.32068
147 179 0.115025
148 180 0.783947
149 181 1.06828
150 182 1.07745
151 183 1.00035
152 184 0.430858
153 185 0.601089
154 186 -0.620603
155 187 2.22472
156 188 2.75574
157 189 -0.470952
158 190 0.818324
159 191 0.933266
160 192 0.579286
161 193 1.6404
162 194 -0.15536
163 195 0.755893
164 196 -0.188104
165 197 1.13164
166 198 0.984138
167 199 1.43013
168 200 0.308388
169 201 2.03895
170 202 0.0202871
171 203 0.0717029
172 204 -0.0099769
173 205 1.73754
174 206 1.516
175 207 0.953892
176 208 1.58619
177 209 -0.319954
178 210 -0.294025
179 211 1.2061
180 212 0.911047
181 213 -0.783348
182 214 1.58748
183 215 1.05267
184 216 0.606273
185 217 0.684734
186 218 -0.0925359
187 219 1.02046
188 220 0.0514914
189 221 1.78644
190 222 0.171233
191 223 -0.0587011
192 224 3.1662
193 225 2.66008
194 226 1.42691
195 227 0.180924
196 228 0.471856
197 229 0.175803
198 230 -0.0690135
199 231 1.01288
200 232 1.04037
201 233 0.515862
202 234 1.55377
203 235 1.0967
204 236 1.94841
205 237 -0.193771
206 238 0.18746
207 239 0.518315
208 240 0.406517
209 241 0.0563117
210 242 1.32797
211 243 0.486767
212 244 0.884871
213 245 -0.235862
214 246 0.749811
215 247 1.1497
216 248 0.668868
217 249 0.878467
218 250 0.537079
219 251 0.264365
220 252 0.822018
221 253 0.577695
222 254 -0.856237
223 255 0.303797
224 256 1.51242
225 257 0.849012
226 258 1.09423
227 259 1.52331
228 260 0.343513
229 261 1.09393
230 262 -0.640477
231 263 1.28467
232 264 0.112354
233 265 -0.296159
234 266 0.124141
235 267 -0.476946
236 268 1.13695
237 269 -0.102006
238 270 -0.0406735
239 271 0.457684
240 272 -0.0862494
241 273 0.46709
242 274 0.139776
243 275 -0.0796349
244 276 1.1142
245 277 0.708709
246 278 -0.0347947
247 279 1.22998
248 280 -0.609085
249 281 0.364595
250 282 0.622183
251 283 0.107664
252 284 1.10696
253 285 -0.477476
254 286 0.453165
255 287 -0.0853844
256 288 0.935564
257 289 0.360785
258 290 0.544957
259 291 0.763121
260 292 0.0284452
261 293 0.460295
262 294 0.635448
263 295 1.66293
264 296 1.11531
265 297 1.3418
266 298 -0.396526
267 299 0.328629
268 300 -0.105943
269 301 2.02311
270 302 0.964553
271 303 -1.13359
272 304 1.9768
273 305 0.797589
274 306 0.589562
275 307 0.679111
276 308 2.40573
277 309 1.12256
278 310 0.652491
279 311 1.9364
280 312 0.956645
281 313 -0.080663
282 314 1.19062
283 315 0.206713
284 316 1.49699
285 317 0.965777
286 318 -0.367859
287 319 1.18919
288 320 0.853328
289 321 0.505541
290 322 0.535193
291 323 1.12073
292 324 -0.882802
293 325 1.34462
294 326 0.134845
295 327 0.622828
296 328 2.86097
297 329 0.955749
298 330 -0.543352
299 331 0.226542
300 332 1.06239
301 333 1.96824
302 334 -1.40813
303 335 0.565649
304 336 1.32755
305 337 0.829054
306 338 0.859281
307 339 1.10624
308 340 0.661663
309 341 -0.43178
310 342 1.15314
311 343 0.160612
312 344 -0.688434
313 345 0.986869
314 346 0.807701
315 347 -0.332417
316 348 -1.01657
317 349 0.420377
318 350 0.995669
319 351 0.523465
320 352 0.225873
321 353 0.769037
322 354 -0.492279
323 355 0.994612
324 356 0.740492
325 357 -0.280001
326 358 0.622179
327 359 0.283498
328 360 -0.590525
329 361 0.798046
330 362 -0.149517
331 363 1.24943
332 364 1.02135
333 365 -0.496036
334 366 0.772536
335 367 1.03482
336 368 -0.322815
337 369 2.15811
338 370 1.05913
339 371 0.615348
340 372 1.25173
341 373 0.116208
342 374 0.886317
343 375 0.888122
344 376 0.635159
345 377 1.28355
346 378 1.32829
347 379 -0.436639
348 380 0.118189
349 381 1.02474
350 382 2.30555
351 383 1.12031
352 384 0.813623
353 385 0.792405
354 386 0.252136
355 387 -0.365514
356 388 0.312259
357 389 0.55473
358 390 1.34774
359 391 -1.17316
360 392 0.0235877
361 393 0.760203
362 394 1.1262
363 395 1.05935
364 396 0.571432
365 397 1.4401
366 398 0.182125
367 399 0.470444
368 400 0.850986
369 401 1.04742
370 402 0.0777813
371 403 0.770238
372 404 1.1282
373 405 -0.184705
374 406 0.132722
375 407 1.9757
376 408 1.37868
377 409 0.433423
378 410 -0.490235
379 411 0.440451
380 412 -0.181639
381 413 1.80362
382 414 0.290438
383 415 1.19838
384 416 0.527549
385 417 0.527337
386 418 0.112865
387 419 0.830896
388 420 0.375136
389 421 0.408234
390 422 0.565485
391 423 0.326695
392 424 -1.10561
393 425 0.489369
394 426 0.580219
395 427 1.10712
396 428 1.84493
397 429 -0.50313
398 430 1.13674
399 431 0.340438
400 432 0.387065
401 433 1.04082
402 434 1.45904
403 435 1.76694
404 436 1.02819
405 437 0.314602
406 438 0.841807
407 439 -0.0666458
408 440 0.739795
409 441 0.0834725
410 442 -0.519565
411 443 1.73697
412 444 -0.597853
413 445 1.6188
414 446 0.153916
415 447 0.295492
416 448 0.167934
417 449 0.495509
418 450 0.639142
419 451 -0.607091
420 452 1.90626
421 453 0.159181
422 454 -0.858868
423 455 0.900652
424 456 0.707965
425 457 -0.723457
426 458 0.2619
427 459 0.129864
428 460 0.736028
429 461 2.25005
430 462 1.14759
431 463 0.572214
432 464 1.24045
433 465 1.30883
434 466 1.37764
435 467 0.820768
436 468 -0.608153
437 469 0.763878
438 470 1.66388
439 471 0.619309
440 472 0.500355
441 473 1.69876
442 474 1.47224
443 475 0.417168
444 476 0.68557
445 477 0.171787
446 478 0.824417
447 479 0.377025
448 480 2.32775
449 481 0.392475
450 482 2.32165
451 483 1.91066
452 484 0.29972
453 485 0.633957
454 486 1.69336
455 487 -0.0895954
456 488 1.33572
457 489 0.978518
458 490 -0.179551
459 491 0.119471
460 492 2.67482
461 493 1.4727
462 494 0.373144
463 495 0.508616
464 496 -0.488189
465 497 1.07052
466 498 -0.250538
467 499 1.66004
468 500 0.149681
469 501 1.49045
470 502 0.783292
471 503 1.25205
472 504 1.27197
473 505 -0.0845286
474 506 0.0670616
475 507 -0.26746
476 508 1.36381
477 509 1.08698
478 510 1.061
479 511 2.09958
480 512 0.33361
481 513 0.983391
482 514 0.111542
483 515 1.9859
484 516 1.10298
485 517 2.01201
486 518 -0.382255
487 519 0.846568
488 520 -0.227475
489 521 1.95452
490 522 1.77059
491 523 1.58927
492 524 0.312582
493 525 0.281796
494 526 1.40043
495 527 0.388733
496 528 2.30577
497 529 0.831484
498 530 0.426412
499 531 -0.444869
500 532 0.419162
501 533 -0.530637
502 534 0.775774
503 535 0.178038
504 536 -0.441187
505 537 2.37208
506 538 2.08419
507 539 1.20142
508 540 1.35498
509 541 -0.186449
510 542 0.63516
511 543 0.695802
512 544 0.963418
513 545 -0.136256
514 546 1.58464
515 547 1.08221
516 548 0.187797
517 549 0.80185
518 550 0.0842042
519 551 -0.975289
520 552 0.827192
521 553 0.791176
522 554 0.74052
523 555 1.26919
524 556 -0.508968
525 557 1.12362
526 558 0.962153
527 559 0.0032875
528 560 0.305322
529 561 1.26226
530 562 0.505008
531 563 0.992213
532 564 -0.0503359
533 565 1.11984
534 566 1.89962
535 567 0.690742
536 568 1.07071
537 569 -0.698671
538 570 1.75236
539 571 -0.607335
540 572 0.732272
541 573 1.02393
542 574 1.62936
543 575 0.956728
544 576 0.152138
545 577 0.717105
546 578 1.56867
547 579 1.79072
548 580 -0.212971
549 581 1.5779
550 582 1.13606
551 583 0.427465
552 584 0.127114
553 585 1.15851
554 586 0.0933524
555 587 1.50243
556 588 -0.414389
557 589 1.4397
558 590 -0.0421013
559 591 1.64588
560 592 0.240298
561 593 1.40211
562 594 0.836159
563 595 0.853092
564 596 -0.0214368
565 597 0.519109
566 598 0.160927
567 599 0.824596
568 600 0.257128
569 601 0.448956
570 602 0.603738
571 603 0.994822
572 604 1.69403
573 605 0.505005
574 606 0.349697
575 607 0.0984076
576 608 0.232244
577 609 0.794558
578 610 0.855883
579 611 0.88251
580 612 0.638016
581 613 0.254946
582 614 -0.676851
583 615 1.33732
584 616 -0.396936
585 617 1.41485
586 618 0.391421
587 619 1.62124
588 620 0.600967
589 621 0.386258
590 622 -0.675781
591 623 1.44657
592 624 0.94318
593 625 0.962475
594 626 -0.59536
595 627 0.599141
596 628 0.585394
597 629 -0.257757
598 630 0.835638
599 631 -0.422783
600 632 1.16289
601 633 0.265196
602 634 1.23
603 635 2.08628
604 636 -0.0744128
605 637 0.892758
606 638 1.0457
607 639 0.644549
608 640 1.01911
609 641 -0.34825
610 642 0.64014
611 643 -0.118705
612 644 1.00942
613 645 0.428494
614 646 0.97313
615 647 1.91357
616 648 1.34375
617 649 0.516923
618 650 0.266702
619 651 1.88664
620 652 -0.22822
621 653 0.894076
622 654 0.809132
623 655 -0.804405
624 656 1.48872
625 657 -0.0537343
626 658 0.008409
627 659 0.82004
628 660 0.188531
629 661 0.696984
630 662 0.921792
631 663 0.219208
632 664 0.574509
633 665 0.0845716
634 666 1.8279
635 667 0.407903
636 668 0.227686
637 669 2.41538
638 670 1.48139
639 671 0.806213
640 672 0.480815
641 673 0.866461
642 674 1.04868
643 675 1.2736
644 676 1.43747
645 677 0.634972
646 678 -0.407221
647 679 1.59746
648 680 0.670612
649 681 2.1486
650 682 -0.302987
651 683 1.13115
652 684 1.29525
653 685 0.403188
654 686 1.99592
655 687 -0.0624152
656 688 2.13097
657 689 -0.523526
658 690 1.26311
659 691 0.650417
660 692 1.28297
661 693 1.31461
662 694 -0.676253
663 695 -0.317459
664 696 1.367
665 697 -0.713291
666 698 1.00161
667 699 0.156279
668 700 1.49766
669 701 0.329029
670 702 1.12519
671 703 1.25739
672 704 0.261476
673 705 0.381365
674 706 0.5837
675 707 0.880368
676 708 -0.238021
677 709 0.853665
678 710 1.8582
679 711 -0.102628
680 712 0.494713
681 713 0.406923
682 714 1.10051
683 715 0.724992
684 716 0.181411
685 717 -0.15456
686 718 0.333564
687 719 1.22701
688 720 -0.158137
689 721 0.0486761
690 722 0.76856
691 723 0.837019
692 724 1.02375
693 725 0.481109
694 726 1.24677
695 727 1.44111
696 728 0.777752
697 729 0.492521
698 730 0.444753
699 731 0.419687
700 732 -0.914199
701 733 -0.188469
702 734 0.855722
703 735 1.30559
704 736 0.869404
705 737 -0.245878
706 738 0.618235
707 739 0.746839
708 740 -0.454296
709 741 1.01138
710 742 1.03745
711 743 0.639743
712 744 0.466242
713 745 0.0801991
714 746 -0.493176
715 747 0.162695
716 748 1.57581
717 749 3.00217
718 750 0.602059
719 751 0.996784
720 752 0.136245
721 753 0.52359
722 754 -0.613795
723 755 0.562185
724 756 1.72024
725 757 1.08428
726 758 -0.134148
727 759 0.381421
728 760 -0.347021
729 761 0.466861
730 762 -0.367569
731 763 1.21011
732 764 0.63346
733 765 -0.0461902
734 766 0.0774999
735 767 1.23697
736 768 1.57083
737 769 -0.119891
738 770 0.884432
739 771 0.299577
740 772 1.01597
741 773 1.17827
742 774 0.141098
743 775 1.04086
744 776 -0.182882
745 777 0.931273
746 778 1.53512
747 779 1.26159
748 780 0.371729
749 781 0.140499
750 782 -0.599806
751 783 0.219482
752 784 -0.510822
753 785 -0.265286
754 786 1.36026
755 787 0.577803
756 788 0.471613
757 789 -0.121118
758 790 0.421847
759 791 1.03986
760 792 0.656809
761 793 0.632329
762 794 1.04692
763 795 0.0235608
764 796 -0.117807
765 797 0.419876
766 798 1.60399
767 799 0.625135
768 800 0.923124
769 801 0.569524
770 802 0.614939
771 803 -0.249604
772 804 1.99917
773 805 -0.891052
774 806 0.359744
775 807 -0.198822
776 808 0.653266
777 809 -0.101761
778 810 -0.136948
779 811 0.429653
780 812 0.966554
781 813 0.158134
782 814 0.861993
783 815 0.182806
784 816 -0.110886
785 817 0.941751
786 818 0.230391
787 819 0.319615
788 820 1.51184
789 821 0.603431
790 822 -0.605682
791 823 2.03673
792 824 -0.455236
793 825 0.159083
794 826 0.353101
795 827 1.56928
796 828 -0.0749379
797 829 0.566327
798 830 0.0857952
799 831 1.29329
800 832 0.377232
801 833 0.427877
802 834 -0.0974775
803 835 0.525037
804 836 2.29689
805 837 -0.147157
806 838 0.614765
807 839 0.93774
808 840 -0.576822
809 841 2.2612
810 842 0.407984
811 843 0.135775
812 844 0.507808
813 845 1.94739
814 846 1.45176
815 847 0.381474
816 848 1.108
817 849 2.27671
818 850 1.14108
819 851 0.606491
820 852 -0.439757
821 853 1.39911
822 854 0.567025
823 855 0.776015
824 856 2.49724
825 857 0.899961
826 858 0.419581
827 859 0.32459
828 860 0.295707
829 861 0.600804
830 862 -0.169527
831 863 0.506508
832 864 2.0675
833 865 0.454519
834 866 0.608156
835 867 -0.459526
836 868 0.230332
837 869 0.855434
838 870 1.58572
839 871 -1.15379
840 872 0.268245
841 873 0.354664
842 874 -0.157373
843 875 1.05008
844 876 0.533224
845 877 0.643168
846 878 1.14313
847 879 -0.353878
848 880 -0.305381
849 881 1.87948
850 882 0.818073
851 883 -0.14541
852 884 0.307331
853 885 1.65115
854 886 1.65816
855 887 -0.712627
856 888 1.15748
857 889 -0.0778441
858 890 1.59495
859 891 0.378579
860 892 0.076794
861 893 0.0551378
862 894 1.05813
863 895 0.527531
864 896 1.75045
865 897 0.848895
866 898 1.24672
867 899 -0.133776
868 900 0.0757633
869 901 0.471055
870 902 0.170849
871 903 1.13257
872 904 -0.280667
873 905 0.479337
874 906 1.79342
875 907 0.521651
876 908 0.529761
877 909 -0.673488
878 910 2.43951
879 911 -0.366509
880 912 2.6827
881 913 0.0379899
882 914 0.741057
883 915 1.04638
884 916 0.521391
885 917 1.0094
886 918 0.948784
887 919 0.048956
888 920 1.09257
889 921 -0.452442
890 922 2.04509
891 923 -0.333288
892 924 0.621869
893 925 0.58289
894 926 1.80193
895 927 1.22075
896 928 -1.06826
897 929 1.81327
898 930 0.543502
899 931 0.189046
900 932 -0.102545
901 933 -0.235128
902 934 1.15453
903 935 0.774156
904 936 0.49405
905 937 0.369114
906 938 2.11974
907 939 1.96545
908 940 0.3611
909 941 0.838386
910 942 0.709897
911 943 -0.638792
912 944 1.8342
913 945 2.11568
914 946 2.14079
915 947 0.275229
916 948 0.641593
917 949 0.54071
918 950 -0.795957
919 951 -0.463608
920 952 1.73784
921 953 2.38622
922 954 0.267058
923 955 -0.570407
924 956 1.00615
925 957 0.549961
926 958 2.2308
927 959 1.47348
928 960 1.37983
929 961 0.346809
930 962 0.282427
931 963 0.813634
932 964 -0.0144966
933 965 0.761954
934 966 0.146654
935 967 0.254778
936 968 1.81123
937 969 1.41846
938 970 -0.382882
939 971 -1.52583
940 972 1.48287
941 973 -0.18321
942 974 1.05808
943 975 0.321062
944 976 0.542484
945 977 0.548995
946 978 0.979996
947 979 1.05395
948 980 1.33531
949 981 0.828254
950 982 0.778073
951 983 -0.0039891
952 984 0.755076
953 985 -0.540424
954 986 0.847389
955 987 0.356589
956 988 0.907672
957 989 -0.322239
958 990 0.0466096
959 991 1.78322
960 992 1.14018
961 993 0.330945
962 994 -0.679958
963 995 0.830908
964 996 0.163611
965 997 -0.183403
966 998 0.419889
967 999 1.28228
968 1000 0.5325
969 1001 0.297045
970 1002 0.17037
971 1003 0.319249
972 1004 -0.906514
973 1005 1.59683
974 1006 1.50367
975 1007 0.782208
976 1008 0.278345
977 1009 0.620718
978 1010 0.668967
979 1011 0.604638
980 1012 1.50769
981 1013 0.573779
982 1014 0.368201
983 1015 0.128846
984 1016 1.13307
985 1017 1.62477
986 1018 0.654664
987 1019 0.884878
988 1020 1.23872
989 1021 2.03616
990 1022 2.16347
991 1023 1.78331
992 0 0
993 1 0
994 2 0
995 3 0
996 4 0
997 5 0
998 6 0
999 7 0
1000 8 0
1001 9 0
1002 10 0
1003 11 0
1004 12 0
1005 13 0
1006 14 0
1007 15 0
1008 16 0
1009 17 0
1010 18 0
1011 19 0
1012 20 0
1013 21 0
1014 22 0
1015 23 0
1016 24 0
1017 25 0
1018 26 0
1019 27 0
1020 28 0
1021 29 0
1022 30 0
1023 31 0
