0 1 0.9581
1 2 0.992872
2 3 -0.947762
3 4 0.836537
4 5 0.0302257
5 6 0.156747
6 7 -0.468063
7 8 0.700888
8 9 0.391636
9 10 1.29476
10 11 -0.532393
11 12 0.683599
12 13 -0.178916
13 14 0.190982
14 15 0.953987
15 16 0.529815
16 17 0.83586
17 18 0.781564
18 19 1.625
19 20 0.997443
20 21 1.01408
21 22 -0.416128
22 23 0.215938
23 24 0.607989
24 25 1.04415
25 26 0.685022
26 27 0.731585
27 28 1.87667
28 29 0.58681
29 30 -0.149437
30 31 0.975676
31 0 0
32 33 1.26108
33 34 -0.147782
34 35 0.887872
35 36 0.983148
36 37 0.146295
37 38 0.251327
38 39 1.84797
39 40 0.0991021
40 41 1.8387
41 42 0.655906
42 43 0.812393
43 44 0.539143
44 45 2.84759
45 46 -0.631165
46 47 1.30512
47 48 -0.938421
48 49 0.186821
49 50 -0.153074
50 51 0.942735
51 52 -0.205972
52 53 1.04807
53 54 0.205964
54 55 -0.689568
55 56 1.74034
56 57 -0.0314975
57 58 0.728622
58 59 1.35045
59 60 -0.150203
60 61 2.01979
61 62 0.737423
62 63 -0.58789
63 32 0
64 65 -0.234531
65 66 1.00799
66 67 0.211648
67 68 0.0691684
68 69 0.993227
69 70 1.1869
70 71 0.751863
71 72 0.3582
72 73 0.0629262
73 74 0.0905254
74 75 -0.481779
75 76 0.545993
76 77 0.543995
77 78 2.50675
78 79 0.971705
79 80 1.20116
80 81 0.996243
81 82 -1.22284
82 83 0.421608
83 84 1.66242
84 85 -0.728761
85 86 1.62908
86 87 1.87252
87 88 1.70701
88 89 1.38598
89 90 0.612421
90 91 0.696303
91 92 0.933601
92 93 -0.834748
93 94 1.08916
94 95 0.971639
95 64 0
96 97 1.12932
97 98 1.17033
98 99 0.222077
99 100 2.17105
100 101 0.68234
101 102 -0.785709
102 103 0.366761
103 104 -0.184957
104 105 -0.0510265
105 106 -0.21906
106 107 0.726644
107 108 -0.114355
108 109 1.60037
109 110 -0.615659
110 111 2.95519
111 112 0.829393
112 113 1.53247
113 114 2.18189
114 115 -0.125879
115 116 0.645567
116 117 0.0363572
117 118 0.551003
118 119 -1.20281
119 120 -0.0458446
120 121 0.680674
121 122 0.477607
122 123 -0.23924
123 124 0.628312
124 125 1.4464
125 126 -0.214074
126 127 0.791219
127 96 0
128 129 0.180781
129 130 0.516757
130 131 0.0566407
131 132 0.565342
132 133 0.106998
133 134 0.87904
134 135 0.370304
135 136 0.888613
136 137 1.06858
137 138 -0.0054896
138 139 1.30417
139 140 -0.510474
140 141 0.705055
141 142 0.407214
142 143 -0.454337
143 144 0.997062
144 145 0.726501
145 146 1.4994
146 147 1.9575
147 148 1.17364
148 149 0.770539
149 150 -0.607706
150 151 0.0565437
151 152 2.253
152 153 0.891352
153 154 0.826067
154 155 0.679496
155 156 1.65279
156 157 0.652418
157 158 0.960196
158 159 -0.157126
159 128 0
160 161 1.86206
161 162 0.55052
162 163 -0.397824
163 164 -0.131578
164 165 1.12091
165 166 -0.712057
166 167 0.35162
167 168 0.30052
168 169 1.57011
169 170 0.771971
170 171 0.0146929
171 172 0.364443
172 173 1.6658
173 174 0.365543
174 175 0.62811
175 176 0.04096
176 177 0.0155883
177 178 1.52426
178 179 1.04673
179 180 1.32342
180 181 0.751629
181 182 0.378799
182 183 0.164019
183 184 -0.484256
184 185 0.297442
185 186 -0.501358
186 187 0.0279107
187 188 0.621521
188 189 0.0270843
189 190 0.352436
190 191 1.19157
191 160 0
192 193 0.977584
193 194 0.926831
194 195 1.29704
195 196 1.82516
196 197 0.380968
197 198 0.501878
198 199 0.196425
199 200 1.76493
200 201 0.476677
201 202 0.694652
202 203 0.045007
203 204 0.439862
204 205 -0.418574
205 206 0.822644
206 207 1.31949
207 208 -0.222745
208 209 -0.32722
209 210 0.21284
210 211 1.10068
211 212 1.52865
212 213 1.54491
213 214 0.158557
214 215 0.772518
215 216 1.54984
216 217 0.931295
217 218 0.472286
218 219 0.911539
219 220 0.898241
220 221 0.407146
221 222 0.349577
222 223 1.67177
223 192 0
224 225 -0.327234
225 226 1.6042
226 227 1.00299
227 228 1.08848
228 229 0.915976
229 230 -0.0109793
230 231 0.883312
231 232 0.144637
232 233 2.326
233 234 0.455012
234 235 0.568141
235 236 0.474074
236 237 -0.131015
237 238 0.682875
238 239 0.950912
239 240 0.623909
240 241 0.529105
241 242 0.603865
242 243 1.17898
243 244 -0.353933
244 245 -0.165063
245 246 0.423624
246 247 -0.0709094
247 248 1.45774
248 249 2.03519
249 250 0.269169
250 251 -0.520798
251 252 1.66755
252 253 0.525385
253 254 0.254109
254 255 1.33539
255 224 0
256 257 0.227875
257 258 1.22676
258 259 -0.114969
259 260 1.65769
260 261 -1.07208
261 262 0.269273
262 263 0.836882
263 264 1.09347
264 265 0.942673
265 266 0.383668
266 267 0.336443
267 268 1.31203
268 269 1.75033
269 270 1.46272
270 271 0.606125
271 272 0.19674
272 273 0.572534
273 274 1.29452
274 275 0.408583
275 276 -0.592757
276 277 0.773722
277 278 0.481442
278 279 1.53631
279 280 0.634554
280 281 0.862155
281 282 0.563911
282 283 0.419605
283 284 0.566327
284 285 -0.671791
285 286 1.22346
286 287 1.06207
287 256 0
288 289 0.591589
289 290 1.21121
290 291 -0.295029
291 292 0.745218
292 293 1.2526
293 294 1.18099
294 295 0.609101
295 296 1.08293
296 297 0.314815
297 298 0.434374
298 299 1.38912
299 300 1.31479
300 301 0.427693
301 302 -0.0755181
302 303 -0.623536
303 304 1.36822
304 305 1.13669
305 306 0.922766
306 307 0.399592
307 308 0.0493906
308 309 -0.618305
309 310 1.21373
310 311 -0.0474034
311 312 0.629677
312 313 1.7797
313 314 1.00485
314 315 1.11513
315 316 0.712146
316 317 0.36771
317 318 -0.39409
318 319 1.27434
319 288 0
320 321 -0.625201
321 322 0.806092
322 323 1.23124
323 324 -0.168849
324 325 -0.0023014
325 326 1.01182
326 327 1.771
327 328 0.81529
328 329 0.230105
329 330 -0.38727
330 331 2.05597
331 332 0.799048
332 333 0.135072
333 334 0.353802
334 335 0.753072
335 336 0.759015
336 337 0.331595
337 338 -0.438862
338 339 0.619465
339 340 0.774622
340 341 0.462024
341 342 0.0239479
342 343 0.40969
343 344 0.13342
344 345 1.3067
345 346 1.49521
346 347 -0.975882
347 348 0.332551
348 349 1.9478
349 350 0.505005
350 351 0.731387
351 320 0
352 353 -0.0244834
353 354 -0.356337
354 355 0.767519
355 356 0.746079
356 357 0.0968542
357 358 0.0712826
358 359 0.486251
359 360 0.767399
360 361 2.2064
361 362 0.782782
362 363 0.897422
363 364 -0.624405
364 365 1.18063
365 366 0.674415
366 367 1.16599
367 368 1.60697
368 369 1.19032
369 370 0.303702
370 371 1.2825
371 372 -0.0452555
372 373 1.67034
373 374 -0.0351869
374 375 1.04244
375 376 1.1537
376 377 1.90549
377 378 -0.148541
378 379 1.81506
379 380 1.31112
380 381 0.732309
381 382 1.03276
382 383 -0.234944
383 352 0
384 385 0.299347
385 386 1.49533
386 387 0.0323083
387 388 1.19152
388 389 0.458732
389 390 1.27474
390 391 -0.126458
391 392 -0.697083
392 393 0.505447
393 394 -0.659728
394 395 2.33426
395 396 1.94629
396 397 1.32627
397 398 -0.80555
398 399 1.28601
399 400 0.0380848
400 401 0.868756
401 402 1.3001
402 403 0.576545
403 404 -1.15975
404 405 1.50187
405 406 0.184879
406 407 0.522482
407 408 0.977616
408 409 0.691174
409 410 1.07421
410 411 1.6291
411 412 2.55795
412 413 2.38845
413 414 0.594464
414 415 0.896412
415 384 0
416 417 0.381339
417 418 1.74168
418 419 -0.0670495
419 420 -0.045568
420 421 -0.345626
421 422 1.30664
422 423 0.588868
423 424 1.11192
424 425 0.227516
425 426 -0.521102
426 427 0.993701
427 428 -0.438815
428 429 0.744291
429 430 1.55824
430 431 2.06885
431 432 1.6887
432 433 0.329447
433 434 1.40831
434 435 0.991721
435 436 2.07425
436 437 0.357887
437 438 0.384427
438 439 0.413108
439 440 1.58849
440 441 0.93861
441 442 1.23933
442 443 0.286468
443 444 0.775623
444 445 2.3708
445 446 0.865618
446 447 0.825905
447 416 0
448 449 1.74335
449 450 1.4253
450 451 -0.0135881
451 452 0.294328
452 453 0.712858
453 454 0.0964006
454 455 0.91826
455 456 -0.269618
456 457 0.462562
457 458 0.964209
458 459 1.20738
459 460 0.528073
460 461 0.8044
461 462 0.959845
462 463 1.49265
463 464 0.330725
464 465 0.146264
465 466 0.500332
466 467 0.133616
467 468 0.123379
468 469 0.388179
469 470 0.299951
470 471 0.799483
471 472 1.40227
472 473 0.602875
473 474 0.27109
474 475 0.0240773
475 476 1.16258
476 477 -0.284778
477 478 0.479132
478 479 0.718435
479 448 0
480 481 0.688244
481 482 1.1637
482 483 1.87847
483 484 0.833243
484 485 0.891669
485 486 0.425979
486 487 -0.696148
487 488 0.983609
488 489 -0.609022
489 490 0.744184
490 491 0.548473
491 492 -0.553894
492 493 1.43156
493 494 -0.671079
494 495 1.56708
495 496 -0.141172
496 497 0.590563
497 498 -0.457946
498 499 -0.260561
499 500 0.816964
500 501 0.352123
501 502 0.768594
502 503 0.650574
503 504 -0.0933426
504 505 0.627822
505 506 0.783345
506 507 0.759714
507 508 -0.566574
508 509 0.52185
509 510 1.49231
510 511 0.197294
511 480 0
512 513 -0.0026829
513 514 -0.510596
514 515 0.894485
515 516 -0.0658214
516 517 0.989245
517 518 1.73161
518 519 0.866972
519 520 0.779188
520 521 -0.351329
521 522 0.0772783
522 523 0.610699
523 524 1.00619
524 525 0.800497
525 526 -0.0738874
526 527 0.94162
527 528 2.12993
528 529 0.831437
529 530 0.371607
530 531 -0.666102
531 532 0.640535
532 533 1.11611
533 534 0.570239
534 535 -0.156778
535 536 -0.110132
536 537 2.50704
537 538 0.962016
538 539 1.71245
539 540 -0.186169
540 541 -0.376569
541 542 0.346988
542 543 0.272024
543 512 0
544 545 1.53149
545 546 0.115896
546 547 1.6424
547 548 0.160803
548 549 -0.129659
549 550 0.956972
550 551 2.53026
551 552 0.251172
552 553 0.39432
553 554 -0.673398
554 555 0.221173
555 556 0.0357905
556 557 0.136304
557 558 2.25239
558 559 0.0113674
559 560 1.32185
560 561 1.76517
561 562 0.469082
562 563 1.29303
563 564 2.2705
564 565 0.484121
565 566 0.228641
566 567 0.455055
567 568 0.28157
568 569 2.09959
569 570 1.24918
570 571 1.16382
571 572 -0.377079
572 573 0.497918
573 574 -0.320387
574 575 1.33923
575 544 0
576 577 0.553152
577 578 0.863404
578 579 1.0292
579 580 1.76029
580 581 0.194417
581 582 0.205333
582 583 -0.299246
583 584 0.748697
584 585 -0.90538
585 586 0.921726
586 587 -0.0303182
587 588 0.664999
588 589 1.07769
589 590 0.648133
590 591 0.201178
591 592 1.67717
592 593 1.68588
593 594 0.991916
594 595 0.45596
595 596 1.89737
596 597 1.10667
597 598 1.76451
598 599 0.185773
599 600 0.48764
600 601 0.0847253
601 602 1.82211
602 603 1.12551
603 604 -0.447128
604 605 1.24524
605 606 1.23699
606 607 1.26694
607 576 0
608 609 0.597538
609 610 0.72574
610 611 0.20512
611 612 1.0067
612 613 1.77319
613 614 -0.798281
614 615 0.890059
615 616 0.430482
616 617 0.721008
617 618 0.954005
618 619 0.612977
619 620 -0.215767
620 621 -0.512007
621 622 1.20703
622 623 0.358876
623 624 1.3029
624 625 1.51924
625 626 0.181119
626 627 1.38319
627 628 1.20974
628 629 -0.0812735
629 630 -0.428017
630 631 -0.307903
631 632 0.304405
632 633 1.67963
633 634 0.438786
634 635 2.78352
635 636 0.800247
636 637 1.67067
637 638 -0.220333
638 639 -0.17701
639 608 0
640 641 0.760234
641 642 0.451297
642 643 0.677677
643 644 2.86419
644 645 0.882222
645 646 0.83688
646 647 1.37315
647 648 1.30315
648 649 0.533605
649 650 0.0306669
650 651 1.13667
651 652 0.0030887
652 653 0.8672
653 654 1.17623
654 655 0.131083
655 656 0.649917
656 657 -1.17729
657 658 0.941344
658 659 0.789917
659 660 0.418203
660 661 -0.311813
661 662 0.0652338
662 663 0.860932
663 664 1.82456
664 665 -0.429366
665 666 0.130882
666 667 1.90834
667 668 -0.703932
668 669 -0.519579
669 670 1.07406
670 671 0.164518
671 640 0
672 673 0.38822
673 674 0.502351
674 675 1.30203
675 676 -0.111115
676 677 0.193602
677 678 0.266249
678 679 1.47313
679 680 0.0512898
680 681 0.206786
681 682 0.890238
682 683 0.284451
683 684 0.726079
684 685 1.57134
685 686 0.965502
686 687 0.0610553
687 688 2.00629
688 689 0.768909
689 690 -0.522152
690 691 -0.0600815
691 692 1.54989
692 693 0.968042
693 694 -0.144091
694 695 0.0134577
695 696 0.362922
696 697 -0.33969
697 698 -0.82393
698 699 1.92386
699 700 1.60424
700 701 -0.0809772
701 702 1.57882
702 703 0.672167
703 672 0
704 705 0.210299
705 706 0.53386
706 707 -0.594915
707 708 0.253769
708 709 0.690204
709 710 0.732451
710 711 0.23406
711 712 0.641639
712 713 -0.0339004
713 714 0.537844
714 715 0.663654
715 716 0.30481
716 717 1.03622
717 718 1.09717
718 719 1.3194
719 720 0.220836
720 721 1.39025
721 722 0.128332
722 723 0.2209
723 724 -0.522748
724 725 0.185449
725 726 0.0670983
726 727 -0.549847
727 728 -0.171386
728 729 0.466495
729 730 1.51466
730 731 0.547898
731 732 -0.72666
732 733 0.720067
733 734 1.24482
734 735 0.449201
735 704 0
736 737 0.411587
737 738 2.09536
738 739 0.348004
739 740 1.45516
740 741 1.7916
741 742 0.903453
742 743 0.644857
743 744 1.25233
744 745 0.0886218
745 746 0.421158
746 747 0.93494
747 748 -0.304887
748 749 1.18117
749 750 0.138664
750 751 0.349867
751 752 -0.634493
752 753 1.17435
753 754 0.528095
754 755 0.044233
755 756 0.603687
756 757 0.293194
757 758 2.45159
758 759 0.740355
759 760 2.34162
760 761 0.325543
761 762 0.736255
762 763 1.20115
763 764 0.741219
764 765 0.886806
765 766 -0.211417
766 767 0.694611
767 736 0
768 769 1.4772
769 770 1.16792
770 771 -0.31133
771 772 0.8739
772 773 1.05572
773 774 0.914945
774 775 0.231079
775 776 -0.555701
776 777 0.834208
777 778 0.70565
778 779 0.343436
779 780 2.1811
780 781 0.128544
781 782 -1.16918
782 783 0.124257
783 784 0.197313
784 785 0.983034
785 786 1.80433
786 787 0.523159
787 788 0.255649
788 789 1.81086
789 790 1.72652
790 791 1.85632
791 792 -0.198772
792 793 2.04933
793 794 0.701759
794 795 -0.0565958
795 796 -0.14232
796 797 1.19038
797 798 1.36106
798 799 0.0453256
799 768 0
800 801 0.132438
801 802 1.30256
802 803 0.507004
803 804 0.483632
804 805 1.14499
805 806 -0.481908
806 807 2.17194
807 808 0.413065
808 809 0.756196
809 810 2.32218
810 811 1.22379
811 812 1.51895
812 813 -0.0006602
813 814 0.150478
814 815 1.65079
815 816 1.05926
816 817 1.48811
817 818 -0.120589
818 819 0.11639
819 820 0.414471
820 821 0.419683
821 822 0.263845
822 823 1.30938
823 824 2.37694
824 825 -0.259943
825 826 0.930567
826 827 -0.5365
827 828 0.541299
828 829 0.135746
829 830 -0.142249
830 831 1.41609
831 800 0
832 833 0.427681
833 834 0.0224331
834 835 0.210576
835 836 0.0789649
836 837 0.67737
837 838 1.9276
838 839 1.7888
839 840 0.671075
840 841 0.371763
841 842 1.59915
842 843 0.685351
843 844 0.605303
844 845 0.789985
845 846 -0.783457
846 847 1.31354
847 848 0.568892
848 849 -0.34686
849 850 -0.860962
850 851 -0.422218
851 852 1.50743
852 853 1.05329
853 854 0.936298
854 855 -0.0410624
855 856 -0.356015
856 857 2.13552
857 858 0.160298
858 859 0.523452
859 860 1.39741
860 861 -0.721498
861 862 0.361651
862 863 1.51456
863 832 0
864 865 0.987294
865 866 -0.262705
866 867 0.483016
867 868 1.19781
868 869 1.52546
869 870 0.446153
870 871 0.334072
871 872 0.715247
872 873 2.27251
873 874 1.10839
874 875 1.29577
875 876 1.03402
876 877 0.458192
877 878 1.65096
878 879 0.617667
879 880 1.19974
880 881 -0.122859
881 882 0.823103
882 883 2.04623
883 884 0.448251
884 885 0.341811
885 886 0.380159
886 887 0.497672
887 888 0.474742
888 889 -0.347783
889 890 0.942025
890 891 1.72822
891 892 0.909542
892 893 1.49357
893 894 1.21797
894 895 2.76395
895 864 0
896 897 1.37588
897 898 2.86535
898 899 1.408
899 900 -0.179039
900 901 0.866243
901 902 1.87836
902 903 1.11244
903 904 0.772825
904 905 1.16679
905 906 -0.41613
906 907 0.737088
907 908 0.109012
908 909 0.990584
909 910 0.851185
910 911 -0.418681
911 912 1.44525
912 913 0.260825
913 914 0.791673
914 915 1.32932
915 916 1.95407
916 917 1.35297
917 918 0.626144
918 919 1.5379
919 920 0.605355
920 921 1.53881
921 922 1.66524
922 923 1.03579
923 924 1.45238
924 925 1.52603
925 926 1.66287
926 927 0.594594
927 896 0
928 929 1.86693
929 930 -0.618033
930 931 -0.467907
931 932 2.18681
932 933 2.39093
933 934 0.270082
934 935 -0.514872
935 936 1.68464
936 937 1.99562
937 938 -0.0803609
938 939 1.79664
939 940 -0.278311
940 941 -0.0754843
941 942 -0.29526
942 943 0.849314
943 944 -0.144144
944 945 0.632925
945 946 -0.14015
946 947 0.789339
947 948 0.314718
948 949 0.744845
949 950 -0.269231
950 951 1.44501
951 952 0.627951
952 953 -0.937009
953 954 0.813597
954 955 0.598708
955 956 -0.0242162
956 957 0.0088628
957 958 0.218069
958 959 1.17114
959 928 0
960 961 -0.504627
961 962 2.02101
962 963 0.785261
963 964 0.190398
964 965 1.00606
965 966 0.126253
966 967 0.407954
967 968 0.925628
968 969 0.57399
969 970 -0.521165
970 971 0.65758
971 972 1.42337
972 973 1.78094
973 974 1.45947
974 975 0.0361679
975 976 0.354102
976 977 -0.174663
977 978 0.876394
978 979 1.56226
979 980 -0.686639
980 981 0.835593
981 982 -0.0353501
982 983 0.0295999
983 984 1.21642
984 985 1.47545
985 986 1.58379
986 987 1.5072
987 988 -1.04947
988 989 0.832226
989 990 0.534422
990 991 0.883288
991 960 0
992 993 -0.142163
993 994 -0.466052
994 995 2.12129
995 996 1.062
996 997 -0.509587
997 998 0.653266
998 999 0.132125
999 1000 -0.251294
1000 1001 0.960845
1001 1002 1.67787
1002 1003 0.658065
1003 1004 -0.0924454
1004 1005 -0.14182
1005 1006 1.77931
1006 1007 0.302009
1007 1008 1.02924
1008 1009 0.333269
1009 1010 1.6489
1010 1011 -0.958305
1011 1012 1.08256
1012 1013 2.98571
1013 1014 0.314861
1014 1015 0.629142
1015 1016 1.6931
1016 1017 1.37713
1017 1018 0.777606
1018 1019 0.125362
1019 1020 1.24494
1020 1021 0.338414
1021 1022 1.26402
1022 1023 1.25471
1023 992 0
0 32 1.08169
1 33 -0.310475
2 34 1.64761
3 35 0.606657
4 36 0.815134
5 37 0.579396
6 38 1.64534
7 39 1.85729
8 40 0.678481
9 41 2.39566
10 42 0.402864
11 43 1.33285
12 44 0.337454
13 45 0.396766
14 46 0.117226
15 47 2.39875
16 48 0.0641414
17 49 1.25054
18 50 0.385048
19 51 1.52334
20 52 -0.0560911
21 53 0.884035
22 54 1.55195
23 55 0.390914
24 56 0.0140713
25 57 0.208737
26 58 0.866998
27 59 -0.108931
28 60 1.75787
29 61 0.412639
30 62 2.99714
31 63 0.300703
32 64 0.143328
33 65 0.36447
34 66 0.499102
35 67 0.597994
36 68 0.0886273
37 69 1.45219
38 70 0.757803
39 71 -0.663562
40 72 0.926706
41 73 -0.860081
42 74 0.531166
43 75 0.610749
44 76 1.20886
45 77 -0.127294
46 78 1.02132
47 79 0.957911
48 80 0.777996
49 81 0.351294
50 82 0.572772
51 83 0.0776462
52 84 0.775996
53 85 0.762343
54 86 1.37982
55 87 1.23032
56 88 -0.843518
57 89 1.12776
58 90 -0.239782
59 91 1.27474
60 92 0.534279
61 93 1.32185
62 94 -0.168978
63 95 0.308695
64 96 0.610325
65 97 1.81732
66 98 -1.24698
67 99 0.610066
68 100 -0.146016
69 101 -0.0209089
70 102 2.29632
71 103 0.323127
72 104 0.363842
73 105 1.57958
74 106 0.559847
75 107 0.283932
76 108 0.257842
77 109 -0.0453239
78 110 0.916618
79 111 -0.655014
80 112 -0.735957
81 113 1.57676
82 114 0.677547
83 115 0.23983
84 116 -0.117065
85 117 0.64335
86 118 1.10432
87 119 0.573719
88 120 0.371846
89 121 0.721145
90 122 -0.577384
91 123 2.2682
92 124 -0.613307
93 125 0.47373
94 126 0.576831
95 127 0.205725
96 128 0.949346
97 129 -0.450911
98 130 2.40139
99 131 0.827851
100 132 1.00493
101 133 0.456716
102 134 1.41239
103 135 0.789034
104 136 0.177116
105 137 1.4651
106 138 0.382942
107 139 0.54356
108 140 0.56954
109 141 0.229057
110 142 1.29103
111 143 0.820824
112 144 1.00889
113 145 -0.359818
114 146 0.272106
115 147 1.27538
116 148 0.544234
117 149 1.00846
118 150 0.564258
119 151 0.87422
120 152 0.594319
121 153 0.0503301
122 154 1.91007
123 155 1.75049
124 156 0.382922
125 157 -0.0950878
126 158 -0.149986
127 159 0.83266
128 160 0.275772
129 161 0.916785
130 162 -0.0593352
131 163 0.841768
132 164 -0.993576
133 165 1.35377
134 166 2.15547
135 167 0.230052
136 168 3.81064
137 169 0.146184
138 170 1.77309
139 171 0.759901
140 172 1.07875
141 173 0.675484
142 174 0.54634
143 175 -0.495163
144 176 0.664803
145 177 1.19802
146 178 -1.17613
147 179 -0.21878
148 180 0.361524
149 181 0.5433
150 182 0.316323
151 183 1.48263
152 184 0.964815
153 185 1.21442
154 186 -0.0041881
155 187 1.20365
156 188 -0.842905
157 189 0.55876
158 190 0.621366
159 191 0.88587
160 192 1.67944
161 193 1.19751
162 194 1.69751
163 195 2.05885
164 196 0.981289
165 197 1.22478
166 198 1.51322
167 199 1.20007
168 200 -0.364407
169 201 -0.738653
170 202 1.13618
171 203 0.503863
172 204 1.15169
173 205 1.96298
174 206 0.613247
175 207 -0.150169
176 208 0.0172878
177 209 -0.471211
178 210 0.458133
179 211 -0.781482
180 212 1.00983
181 213 0.917123
182 214 1.86548
183 215 0.526058
184 216 0.628045
185 217 1.4204
186 218 0.604332
187 219 1.51665
188 220 0.403793
189 221 -0.577523
190 222 -0.33127
191 223 0.885873
192 224 0.897665
193 225 0.576496
194 226 -0.660113
195 227 0.84326
196 228 0.477242
197 229 0.218064
198 230 0.760006
199 231 0.924413
200 232 0.470831
201 233 0.609547
202 234 -0.592994
203 235 0.111928
204 236 0.664658
205 237 1.33359
206 238 0.27245
207 239 1.20113
208 240 1.51296
209 241 1.09344
210 242 0.181916
211 243 1.68758
212 244 1.60844
213 245 0.834946
214 246 1.00786
215 247 -0.567043
216 248 0.514549
217 249 1.04075
218 250 -0.456643
219 251 0.831876
220 252 -0.509753
221 253 0.204758
222 254 1.27862
223 255 -0.372246
224 256 -0.0479358
225 257 0.850572
226 258 0.0815226
227 259 1.22034
228 260 -0.959848
229 261 0.274839
230 262 1.01216
231 263 0.315817
232 264 0.609031
233 265 0.115933
234 266 1.07526
235 267 0.489863
236 268 0.533236
237 269 -0.405089
238 270 0.911772
239 271 -0.349286
240 272 0.503375
241 273 -0.088223
242 274 0.615548
243 275 0.704359
244 276 2.12913
245 277 1.02719
246 278 -0.0057395
247 279 0.212078
248 280 0.312985
249 281 1.15873
250 282 0.829748
251 283 0.963041
252 284 0.0762512
253 285 1.25017
254 286 0.111255
255 287 0.971944
256 288 0.0448423
257 289 1.1413
258 290 1.21485
259 291 1.21247
260 292 1.06346
261 293 0.909735
262 294 0.316784
263 295 0.941508
264 296 1.347
265 297 0.500678
266 298 0.776221
267 299 0.10285
268 300 0.506504
269 301 -0.142356
270 302 0.961311
271 303 0.0751102
272 304 0.215506
273 305 -0.0397961
274 306 1.64074
275 307 1.24156
276 308 1.79043
277 309 0.610706
278 310 0.0140855
279 311 0.452144
280 312 0.824523
281 313 -0.333456
282 314 0.183308
283 315 0.989745
284 316 0.241302
285 317 0.965979
286 318 0.480082
287 319 0.45844
288 320 1.65143
289 321 0.539019
290 322 0.947532
291 323 0.424187
292 324 0.027652
293 325 1.0205
294 326 -0.219136
295 327 0.627992
296 328 0.428535
297 329 1.29463
298 330 0.811764
299 331 -0.12805
300 332 -0.435014
301 333 1.09277
302 334 1.49666
303 335 1.73797
304 336 1.31144
305 337 1.5543
306 338 1.40183
307 339 0.226115
308 340 0.118252
309 341 0.234188
310 342 1.03013
311 343 1.13118
312 344 0.171293
313 345 0.776501
314 346 0.0064141
315 347 0.829446
316 348 2.30167
317 349 0.839366
318 350 -0.526611
319 351 0.284266
320 352 0.185968
321 353 0.913852
322 354 -0.0716736
323 355 1.85187
324 356 0.461012
325 357 -0.0524978
326 358 1.4
327 359 1.37541
328 360 0.0269524
329 361 1.29389
330 362 -0.181445
331 363 0.632534
332 364 0.220884
333 365 2.17575
334 366 1.48912
335 367 0.148294
336 368 0.507184
337 369 -0.0876612
338 370 0.975953
339 371 0.494494
340 372 0.469264
341 373 1.41931
342 374 -0.0613737
343 375 1.2173
344 376 0.514169
345 377 -0.510424
346 378 -0.113205
347 379 -0.0553661
348 380 1.08666
349 381 0.429207
350 382 1.15475
351 383 1.32223
352 384 0.177557
353 385 0.220526
354 386 0.298779
355 387 1.65328
356 388 1.20389
357 389 0.383106
358 390 0.77894
359 391 0.542234
360 392 1.87957
361 393 1.42791
362 394 0.259601
363 395 1.33017
364 396 1.25996
365 397 0.363085
366 398 0.86498
367 399 1.07615
368 400 0.483571
369 401 0.143835
370 402 0.231579
371 403 3.19545
372 404 0.801751
373 405 -0.524029
374 406 0.563878
375 407 -0.659498
376 408 0.976144
377 409 0.99925
378 410 1.37796
379 411 -1.30444
380 412 1.68518
381 413 -0.371125
382 414 -1.21714
383 415 1.75258
384 416 0.528534
385 417 0.783439
386 418 0.0268468
387 419 1.21428
388 420 -0.140068
389 421 -0.759272
390 422 1.58625
391 423 0.40767
392 424 0.209226
393 425 2.02372
394 426 2.99037
395 427 0.545605
396 428 0.82895
397 429 -0.698849
398 430 0.59244
399 431 0.10166
400 432 1.26334
401 433 -0.568785
402 434 0.232565
403 435 0.54026
404 436 1.60236
405 437 0.837736
406 438 -0.501275
407 439 -0.107853
408 440 2.26097
409 441 0.211193
410 442 0.156981
411 443 -0.487902
412 444 1.54352
413 445 -0.344814
414 446 0.784185
415 447 -0.309921
416 448 0.252652
417 449 -0.691059
418 450 0.485958
419 451 0.315375
420 452 0.727529
421 453 0.458256
422 454 -0.672389
423 455 1.07366
424 456 0.857075
425 457 0.259133
426 458 1.706
427 459 -0.708548
428 460 0.893433
429 461 0.886182
430 462 0.256113
431 463 0.0119199
432 464 1.2697
433 465 0.731774
434 466 2.21158
435 467 1.00111
436 468 0.797453
437 469 -0.392081
438 470 2.24804
439 471 2.16886
440 472 -0.0602155
441 473 0.564965
442 474 1.37805
443 475 0.628117
444 476 0.758228
445 477 -0.184997
446 478 0.415434
447 479 0.90157
448 480 1.20024
449 481 0.045399
450 482 0.0436553
451 483 1.35405
452 484 2.5836
453 485 0.373442
454 486 1.7093
455 487 2.30247
456 488 0.25964
457 489 0.806825
458 490 0.396977
459 491 1.26383
460 492 0.290938
461 493 0.991867
462 494 -0.130879
463 495 1.56754
464 496 -0.691895
465 497 -0.326346
466 498 1.13137
467 499 1.67933
468 500 0.947529
469 501 0.781124
470 502 -0.950553
471 503 0.699097
472 504 -0.724451
473 505 0.778159
474 506 -0.200234
475 507 1.31334
476 508 0.760974
477 509 1.90777
478 510 0.298252
479 511 0.129324
480 512 0.288183
481 513 0.809737
482 514 0.388538
483 515 0.353802
484 516 -0.417195
485 517 0.926042
486 518 1.00304
487 519 0.0351124
488 520 1.99787
489 521 0.849304
490 522 1.49345
491 523 2.07861
492 524 1.71315
493 525 -0.299836
494 526 0.726444
495 527 0.392992
496 528 0.332518
497 529 2.67189
498 530 0.790098
499 531 0.685769
500 532 1.21601
501 533 -0.457817
502 534 1.63682
503 535 -0.0281099
504 536 0.641883
505 537 -0.0492389
506 538 0.374458
507 539 0.154821
508 540 -0.10968
509 541 0.538952
510 542 1.55465
511 543 -0.0048123
512 544 -0.233107
513 545 0.0674831
514 546 -0.0048747
515 547 1.18151
516 548 0.561289
517 549 0.619235
518 550 2.68743
519 551 -0.741538
520 552 0.777826
521 553 0.880953
522 554 2.08601
523 555 0.505613
524 556 -0.768671
525 557 0.870349
526 558 0.497693
527 559 -0.0402226
528 560 0.0843836
529 561 1.52996
530 562 1.55014
531 563 -0.376094
532 564 2.02096
533 565 0.515023
534 566 2.12395
535 567 0.475875
536 568 0.862271
537 569 0.300053
538 570 1.39918
539 571 0.354535
540 572 0.722214
541 573 0.962227
542 574 0.567369
543 575 2.17089
544 576 1.06735
545 577 1.25822
546 578 0.842993
547 579 0.398137
548 580 -0.395327
549 581 2.08147
550 582 0.592521
551 583 1.44714
552 584 0.304025
553 585 0.131376
554 586 1.46022
555 587 3.07634
556 588 0.617796
557 589 1.89852
558 590 0.248554
559 591 -0.260902
560 592 1.84517
561 593 -0.680704
562 594 0.939513
563 595 1.04706
564 596 -0.286263
565 597 0.342275
566 598 0.258436
567 599 -0.402098
568 600 0.283555
569 601 0.588638
570 602 0.941986
571 603 -0.421484
572 604 1.928
573 605 0.174292
574 606 1.07978
575 607 0.352517
576 608 1.50882
577 609 0.657669
578 610 0.0643855
579 611 -0.0149864
580 612 0.136828
581 613 1.91448
582 614 0.713349
583 615 0.178052
584 616 0.994626
585 617 2.26561
586 618 -0.33243
587 619 0.488495
588 620 1.56498
589 621 1.11039
590 622 -0.486835
591 623 0.770365
592 624 0.354475
593 625 1.99879
594 626 0.877463
595 627 0.192567
596 628 1.25442
597 629 0.758057
598 630 1.10524
599 631 0.0524383
600 632 0.502943
601 633 0.243137
602 634 1.39364
603 635 1.60683
604 636 1.10831
605 637 0.0780146
606 638 0.40107
607 639 1.14872
608 640 2.60765
609 641 0.345333
610 642 0.163452
611 643 0.877253
612 644 1.42464
613 645 -1.21752
614 646 0.936443
615 647 0.357434
616 648 1.51778
617 649 0.503352
618 650 1.77565
619 651 0.478956
620 652 0.830214
621 653 -0.432942
622 654 0.51791
623 655 0.565814
624 656 2.40508
625 657 0.569516
626 658 0.551121
627 659 0.070658
628 660 -0.694531
629 661 0.354467
630 662 2.58402
631 663 1.50224
632 664 -0.0621937
633 665 1.1821
634 666 0.370172
635 667 1.12976
636 668 0.86783
637 669 1.0381
638 670 1.3823
639 671 0.948101
640 672 0.581158
641 673 0.609634
642 674 1.24678
643 675 1.37147
644 676 0.351774
645 677 0.450838
646 678 0.727863
647 679 1.55588
648 680 0.758037
649 681 -0.359616
650 682 1.21942
651 683 -0.368163
652 684 -0.491493
653 685 1.45957
654 686 0.315898
655 687 -0.354708
656 688 0.43699
657 689 2.33808
658 690 1.46544
659 691 0.353299
660 692 0.602983
661 693 0.335506
662 694 0.617592
663 695 1.30998
664 696 0.59037
665 697 0.709993
666 698 0.675438
667 699 2.05856
668 700 1.96707
669 701 0.226823
670 702 -0.851756
671 703 1.14105
672 704 -0.126501
673 705 0.809179
674 706 -0.0494642
675 707 0.0668441
676 708 0.304708
677 709 -0.313907
678 710 0.67484
679 711 1.98148
680 712 0.699756
681 713 2.2683
682 714 -0.25456
683 715 0.262494
684 716 -0.199383
685 717 1.9236
686 718 0.25708
687 719 0.420311
688 720 0.795216
689 721 -0.562178
690 722 1.19633
691 723 0.413619
692 724 0.525985
693 725 0.0927266
694 726 0.277688
695 727 -0.072643
696 728 1.6701
697 729 1.28758
698 730 1.49887
699 731 0.944215
700 732 0.405084
701 733 2.04755
702 734 1.67686
703 735 0.0459107
704 736 0.033858
705 737 -0.147662
706 738 1.41149
707 739 0.840155
708 740 0.282615
709 741 -0.180466
710 742 0.179535
711 743 -0.457917
712 744 1.26913
713 745 0.843034
714 746 0.796672
715 747 -0.0049493
716 748 0.18678
717 749 -0.104175
718 750 0.0999633
719 751 0.28377
720 752 -0.0197665
721 753 0.0338632
722 754 0.293526
723 755 1.66694
724 756 2.33936
725 757 0.207233
726 758 1.44224
727 759 0.946947
728 760 0.666902
729 761 0.217063
730 762 0.604203
731 763 -0.0337963
732 764 2.40722
733 765 -0.0532203
734 766 0.797567
735 767 0.701062
736 768 2.35575
737 769 0.28453
738 770 0.485641
739 771 0.84142
740 772 -0.0888014
741 773 -0.503931
742 774 0.817495
743 775 0.637483
744 776 0.735315
745 777 0.811363
746 778 -0.63062
747 779 1.13392
748 780 1.48527
749 781 1.47706
750 782 0.356167
751 783 1.36688
752 784 0.403275
753 785 0.336511
754 786 1.67241
755 787 0.715345
756 788 0.378581
757 789 -0.230344
758 790 0.569202
759 791 0.176007
760 792 2.02045
761 793 0.363954
762 794 0.573746
763 795 1.31565
764 796 -1.1212
765 797 0.884694
766 798 1.77272
767 799 0.723746
768 800 0.0056648
769 801 0.149952
770 802 1.69438
771 803 0.985942
772 804 0.624552
773 805 1.06838
774 806 1.24175
775 807 0.80885
776 808 0.919636
777 809 -0.409641
778 810 -0.226058
779 811 0.109202
780 812 1.26084
781 813 0.23211
782 814 0.867287
783 815 1.00837
784 816 1.45907
785 817 2.59085
786 818 1.53818
787 819 -0.145145
788 820 0.910062
789 821 0.272706
790 822 0.799461
791 823 0.108645
792 824 1.32861
793 825 0.763255
794 826 0.575468
795 827 0.899648
796 828 0.741924
797 829 0.920937
798 830 0.411559
799 831 0.0747478
800 832 0.796576
801 833 0.495506
802 834 1.24705
803 835 -0.0672952
804 836 1.24222
805 837 1.46592
806 838 0.0061728
807 839 0.291084
808 840 1.78096
809 841 0.118603
810 842 0.208968
811 843 0.543223
812 844 1.88912
813 845 1.94099
814 846 0.769056
815 847 0.284397
816 848 0.957887
817 849 0.37606
818 850 0.113745
819 851 0.77002
820 852 0.682605
821 853 1.66916
822 854 2.04258
823 855 0.914741
824 856 0.331483
825 857 0.127576
826 858 0.499948
827 859 0.330931
828 860 1.22564
829 861 0.358428
830 862 -0.457401
831 863 1.50028
832 864 -0.365795
833 865 0.477036
834 866 0.456384
835 867 -0.167985
836 868 1.22977
837 869 -0.899891
838 870 0.45152
839 871 0.687589
840 872 1.52439
841 873 -0.433414
842 874 -0.0843605
843 875 -0.374622
844 876 1.44764
845 877 -0.0851679
846 878 2.31017
847 879 0.53552
848 880 2.60971
849 881 1.65248
850 882 1.89651
851 883 1.10218
852 884 0.782361
853 885 0.2856
854 886 0.238274
855 887 0.532079
856 888 0.367329
857 889 0.50516
858 890 0.61333
859 891 -0.400679
860 892 0.880447
861 893 0.751779
862 894 -0.613745
863 895 0.375781
864 896 1.45799
865 897 2.32612
866 898 0.419378
867 899 0.336416
868 900 2.85817
869 901 -0.356039
870 902 -0.378728
871 903 0.749532
872 904 1.19352
873 905 0.12091
874 906 -0.0752141
875 907 0.37455
876 908 1.59882
877 909 1.35132
878 910 -0.156897
879 911 0.942321
880 912 1.40772
881 913 1.40115
882 914 0.835153
883 915 0.699184
884 916 0.122673
885 917 0.18685
886 918 -0.188502
887 919 -0.294818
888 920 0.200455
889 921 -0.487736
890 922 -0.710662
891 923 1.41563
892 924 0.538937
893 925 -0.256606
894 926 -0.52675
895 927 0.496154
896 928 1.62038
897 929 0.269371
898 930 1.67877
899 931 -0.0644716
900 932 0.000829
901 933 0.376208
902 934 1.17616
903 935 1.58037
904 936 0.222231
905 937 -0.538519
906 938 1.33946
907 939 0.0089001
908 940 0.972996
909 941 0.334954
910 942 0.395733
911 943 0.269176
912 944 0.0448713
913 945 -0.0379974
914 946 0.287141
915 947 0.201577
916 948 1.59042
917 949 0.16887
918 950 0.368771
919 951 -0.234553
920 952 0.52493
921 953 -0.566992
922 954 1.43837
923 955 0.733009
924 956 1.41447
925 957 0.108112
926 958 0.210561
927 959 1.8403
928 960 1.04476
929 961 0.0664238
930 962 1.73158
931 963 1.22438
932 964 0.537181
933 965 0.242207
934 966 0.263861
935 967 0.213514
936 968 1.5982
937 969 -0.260665
938 970 -0.110833
939 971 0.665013
940 972 1.53574
941 973 0.759323
942 974 1.52175
943 975 0.812328
944 976 0.818558
945 977 0.7104
946 978 0.0151972
947 979 1.32305
948 980 0.186433
949 981 0.859859
950 982 0.222154
951 983 -0.14106
952 984 1.77633
953 985 1.36716
954 986 -0.0568569
955 987 0.552779
956 988 1.76193
957 989 0.39939
958 990 0.118646
959 991 -0.27186
960 992 0.175472
961 993 1.15942
962 994 1.28616
963 995 -0.468896
964 996 0.620893
965 997 1.57071
966 998 -0.63701
967 999 0.599113
968 1000 -0.0333377
969 1001 1.36678
970 1002 1.31248
971 1003 0.234832
972 1004 1.28695
973 1005 0.529763
974 1006 0.767982
975 1007 -0.0442052
976 1008 0.321099
977 1009 1.64628
978 1010 0.52723
979 1011 0.627943
980 1012 0.154216
981 1013 -0.0184305
982 1014 1.9439
983 1015 -0.246024
984 1016 0.832132
985 1017 0.976579
986 1018 0.869381
987 1019 1.20504
988 1020 0.510861
989 1021 1.19758
990 1022 2.45661
991 1023 1.76868
992 0 0
993 1 0
994 2 0
995 3 0
996 4 0
997 5 0
998 6 0
999 7 0
1000 8 0
1001 9 0
1002 10 0
1003 11 0
1004 12 0
1005 13 0
1006 14 0
1007 15 0
1008 16 0
1009 17 0
1010 18 0
1011 19 0
1012 20 0
1013 21 0
1014 22 0
1015 23 0
1016 24 0
1017 25 0
1018 26 0
1019 27 0
1020 28 0
1021 29 0
1022 30 0
1023 31 0
