0 1 -0.310551
1 2 0.736615
2 3 2.47368
3 4 -0.799298
4 5 0.968448
5 6 0.898903
6 7 0.829441
7 8 0.759404
8 9 0.938264
9 10 1.46872
10 11 0.906207
11 12 1.32408
12 13 0.607075
13 14 1.28673
14 15 -0.18088
15 16 1.22809
16 17 0.496425
17 18 0.883657
18 19 0.59116
19 20 0.0766821
20 21 0.900671
21 22 -0.590819
22 23 -0.154251
23 24 0.769881
24 25 0.428259
25 26 0.156943
26 27 0.186727
27 28 0.482955
28 29 0.844901
29 30 -0.0862755
30 31 0.183493
31 0 0
32 33 0.57391
33 34 0.2763
34 35 2.81668
35 36 0.371751
36 37 -0.444326
37 38 0.022393
38 39 0.832911
39 40 1.36172
40 41 1.04083
41 42 -0.287158
42 43 0.0495491
43 44 -0.281402
44 45 0.704372
45 46 1.64451
46 47 1.01539
47 48 1.1435
48 49 1.79574
49 50 0.740432
50 51 0.014766
51 52 1.41894
52 53 0.153996
53 54 0.374858
54 55 1.23271
55 56 0.872586
56 57 1.6023
57 58 0.194289
58 59 1.54149
59 60 3.43974
60 61 0.0472113
61 62 -0.212869
62 63 0.627135
63 32 0
64 65 -0.0375863
65 66 1.53987
66 67 0.607009
67 68 0.484105
68 69 1.20599
69 70 0.276108
70 71 0.803164
71 72 1.04535
72 73 0.224108
73 74 -0.0417557
74 75 0.589936
75 76 1.09339
76 77 0.904588
77 78 0.922329
78 79 0.352511
79 80 0.861167
80 81 2.39307
81 82 0.61321
82 83 -0.423631
83 84 -0.0641457
84 85 1.36611
85 86 0.760344
86 87 0.495545
87 88 -0.20827
88 89 -0.59126
89 90 0.968848
90 91 0.484994
91 92 1.64126
92 93 0.54117
93 94 1.03866
94 95 0.0018157
95 64 0
96 97 -0.148888
97 98 1.41812
98 99 0.0995396
99 100 1.17053
100 101 0.809741
101 102 1.03933
102 103 0.392162
103 104 -0.112639
104 105 0.145438
105 106 0.36194
106 107 -0.269807
107 108 1.89642
108 109 0.713508
109 110 0.643683
110 111 0.705312
111 112 0.199012
112 113 -0.0120581
113 114 1.17415
114 115 1.12489
115 116 -0.614437
116 117 1.59394
117 118 0.37184
118 119 0.603299
119 120 0.630847
120 121 0.936257
121 122 0.754949
122 123 0.135608
123 124 1.293
124 125 -0.0159456
125 126 0.380792
126 127 1.60883
127 96 0
128 129 1.64263
129 130 -0.0749613
130 131 1.09366
131 132 0.222067
132 133 1.23018
133 134 1.12223
134 135 0.1981
135 136 0.31173
136 137 0.974234
137 138 1.88792
138 139 0.564953
139 140 0.33095
140 141 0.505359
141 142 -0.0383536
142 143 0.322862
143 144 0.834118
144 145 -0.620917
145 146 0.60161
146 147 1.02438
147 148 1.17247
148 149 0.868983
149 150 -0.491613
150 151 1.98784
151 152 0.782506
152 153 0.116825
153 154 0.250408
154 155 0.989656
155 156 2.20635
156 157 0.664685
157 158 1.47694
158 159 -0.990595
159 128 0
160 161 0.198168
161 162 0.277628
162 163 0.0045849
163 164 1.08409
164 165 0.679811
165 166 0.660483
166 167 0.267421
167 168 2.18888
168 169 0.576423
169 170 1.58897
170 171 1.73373
171 172 0.946256
172 173 1.46038
173 174 0.571393
174 175 0.968293
175 176 -0.736673
176 177 0.556009
177 178 0.707901
178 179 0.370455
179 180 0.973481
180 181 0.276591
181 182 1.14556
182 183 2.09242
183 184 0.878572
184 185 0.882426
185 186 0.282303
186 187 0.520449
187 188 1.34438
188 189 0.422028
189 190 0.397597
190 191 0.713305
191 160 0
192 193 0.633162
193 194 0.320237
194 195 0.666363
195 196 -0.662382
196 197 0.790537
197 198 0.943669
198 199 0.23039
199 200 1.3934
200 201 0.317303
201 202 -0.410661
202 203 0.430681
203 204 -0.114113
204 205 1.98024
205 206 0.0694876
206 207 1.39197
207 208 0.52351
208 209 0.972359
209 210 1.7092
210 211 -0.0254657
211 212 1.88609
212 213 0.789541
213 214 0.41314
214 215 0.450067
215 216 1.84136
216 217 0.628664
217 218 0.635991
218 219 0.937586
219 220 -0.0562692
220 221 2.05811
221 222 0.848298
222 223 0.957176
223 192 0
224 225 0.134966
225 226 0.5062
226 227 0.0420774
227 228 0.504633
228 229 1.67582
229 230 0.702463
230 231 0.596438
231 232 0.108704
232 233 0.430564
233 234 0.529069
234 235 0.554464
235 236 -0.0963405
236 237 1.00463
237 238 0.346212
238 239 1.99735
239 240 1.97129
240 241 -0.853361
241 242 0.397697
242 243 2.05433
243 244 -0.997809
244 245 0.316729
245 246 -1.18258
246 247 0.520309
247 248 -0.0281755
248 249 -0.212516
249 250 0.459408
250 251 0.12025
251 252 -0.343429
252 253 -0.109725
253 254 0.18101
254 255 1.45083
255 224 0
256 257 0.0181536
257 258 -0.177145
258 259 -0.248815
259 260 0.426257
260 261 1.23795
261 262 -0.0905237
262 263 0.929587
263 264 0.812388
264 265 0.653576
265 266 -0.204097
266 267 1.31298
267 268 2.25463
268 269 0.427807
269 270 0.731788
270 271 1.31731
271 272 2.11456
272 273 0.683578
273 274 -0.0542078
274 275 -0.127475
275 276 -0.122007
276 277 1.03825
277 278 1.88842
278 279 0.116228
279 280 1.05749
280 281 1.41052
281 282 0.0852876
282 283 0.0854563
283 284 0.714582
284 285 0.269412
285 286 0.511995
286 287 0.139449
287 256 0
288 289 0.0404678
289 290 0.695871
290 291 -0.294479
291 292 1.28196
292 293 1.41205
293 294 -0.342884
294 295 0.098086
295 296 0.397107
296 297 0.266822
297 298 -0.548579
298 299 0.0336334
299 300 -0.355218
300 301 0.324992
301 302 2.13626
302 303 -0.054726
303 304 0.964678
304 305 0.613205
305 306 -0.665782
306 307 -0.278264
307 308 0.264486
308 309 0.614074
309 310 0.260276
310 311 0.319707
311 312 -0.159081
312 313 1.0146
313 314 0.994142
314 315 0.640476
315 316 0.771543
316 317 0.123131
317 318 1.18736
318 319 -0.1077
319 288 0
320 321 0.521154
321 322 -0.165133
322 323 2.52934
323 324 0.427085
324 325 0.584214
325 326 0.557626
326 327 0.188631
327 328 0.296889
328 329 0.153571
329 330 1.08321
330 331 1.05382
331 332 1.48223
332 333 0.160955
333 334 0.670139
334 335 0.880785
335 336 0.703218
336 337 1.34807
337 338 1.29814
338 339 0.186158
339 340 1.75806
340 341 -0.202727
341 342 0.205061
342 343 0.35095
343 344 0.860714
344 345 1.80511
345 346 1.30152
346 347 0.2095
347 348 0.454171
348 349 0.0312154
349 350 0.382958
350 351 1.39287
351 320 0
352 353 -0.0557115
353 354 1.06326
354 355 1.01335
355 356 0.363575
356 357 0.761572
357 358 0.20925
358 359 1.15286
359 360 0.202335
360 361 1.46198
361 362 0.350644
362 363 -0.93185
363 364 1.30321
364 365 0.706126
365 366 0.891288
366 367 1.00931
367 368 0.273642
368 369 1.27871
369 370 1.25692
370 371 2.26505
371 372 -0.254632
372 373 -0.236033
373 374 1.48186
374 375 0.993008
375 376 0.26849
376 377 0.337379
377 378 -0.911546
378 379 1.83283
379 380 -0.193314
380 381 0.532353
381 382 0.830468
382 383 1.27576
383 352 0
384 385 1.76081
385 386 0.703154
386 387 -0.246489
387 388 -0.727258
388 389 0.620128
389 390 0.758119
390 391 1.25486
391 392 1.0782
392 393 0.017834
393 394 1.63065
394 395 -0.179638
395 396 -1.09872
396 397 -0.312869
397 398 2.26666
398 399 0.36565
399 400 0.152589
400 401 0.439421
401 402 0.473798
402 403 0.216268
403 404 1.46309
404 405 1.08241
405 406 0.866879
406 407 0.588301
407 408 0.583926
408 409 1.73389
409 410 -0.577464
410 411 1.49326
411 412 1.50824
412 413 -0.585434
413 414 0.159945
414 415 -0.513661
415 384 0
416 417 -0.366797
417 418 -0.0977293
418 419 1.7647
419 420 0.364512
420 421 0.204132
421 422 0.945026
422 423 0.521992
423 424 0.385946
424 425 1.24726
425 426 1.51975
426 427 0.354467
427 428 1.12351
428 429 1.42669
429 430 0.713676
430 431 1.67077
431 432 1.42517
432 433 0.74472
433 434 1.27125
434 435 -0.294564
435 436 1.63655
436 437 0.965969
437 438 0.684245
438 439 0.252863
439 440 -0.150805
440 441 0.519969
441 442 1.04019
442 443 0.136714
443 444 -0.277335
444 445 0.853367
445 446 0.610136
446 447 0.0943193
447 416 0
448 449 0.165126
449 450 -0.0135255
450 451 -0.153524
451 452 0.91627
452 453 1.12957
453 454 1.13261
454 455 1.05574
455 456 0.701143
456 457 2.07661
457 458 1.06411
458 459 1.1494
459 460 0.541244
460 461 0.644019
461 462 1.38395
462 463 -0.200325
463 464 0.68261
464 465 -0.1911
465 466 1.15798
466 467 0.679813
467 468 0.671415
468 469 0.0542165
469 470 1.33772
470 471 0.398096
471 472 0.620427
472 473 0.518215
473 474 0.300941
474 475 0.50073
475 476 2.32228
476 477 0.43641
477 478 0.762737
478 479 0.287028
479 448 0
480 481 0.730606
481 482 2.87165
482 483 1.05199
483 484 1.08664
484 485 0.382851
485 486 0.995429
486 487 0.884871
487 488 0.627095
488 489 0.515954
489 490 0.563442
490 491 0.859181
491 492 0.53138
492 493 2.00266
493 494 1.1867
494 495 -0.161315
495 496 1.20678
496 497 2.27972
497 498 0.945412
498 499 1.49902
499 500 0.421593
500 501 0.805695
501 502 0.917657
502 503 0.447118
503 504 0.100927
504 505 2.81086
505 506 0.514566
506 507 0.508852
507 508 0.878816
508 509 1.56588
509 510 1.06803
510 511 0.214588
511 480 0
512 513 0.0579704
513 514 1.55046
514 515 1.37177
515 516 -0.0048305
516 517 -0.334013
517 518 1.20844
518 519 1.94934
519 520 0.164114
520 521 0.447435
521 522 1.49646
522 523 0.45324
523 524 1.3729
524 525 0.801802
525 526 -0.115123
526 527 0.215589
527 528 0.95595
528 529 -0.0317718
529 530 0.328827
530 531 0.827275
531 532 0.956259
532 533 -0.462163
533 534 0.553825
534 535 0.0419599
535 536 -0.544437
536 537 0.276753
537 538 0.174763
538 539 -0.341857
539 540 1.45271
540 541 0.405075
541 542 -0.426902
542 543 -0.291007
543 512 0
544 545 0.645437
545 546 1.65842
546 547 0.328078
547 548 1.21279
548 549 1.41228
549 550 0.520784
550 551 0.2274
551 552 0.389597
552 553 1.84651
553 554 0.849698
554 555 0.164531
555 556 -0.221797
556 557 1.81322
557 558 2.03879
558 559 0.530748
559 560 1.38497
560 561 0.780817
561 562 -0.237042
562 563 0.359674
563 564 0.577089
564 565 1.55678
565 566 -0.0163904
566 567 0.164113
567 568 0.813852
568 569 0.464317
569 570 0.398283
570 571 0.945495
571 572 0.0396363
572 573 1.05616
573 574 -0.630027
574 575 0.781041
575 544 0
576 577 0.169979
577 578 0.512413
578 579 1.72168
579 580 -0.496293
580 581 1.85414
581 582 2.51752
582 583 0.595502
583 584 0.846551
584 585 0.469495
585 586 0.211448
586 587 1.69151
587 588 0.285192
588 589 1.63583
589 590 1.72837
590 591 1.23789
591 592 0.198367
592 593 -0.123748
593 594 2.12762
594 595 1.28929
595 596 2.03025
596 597 -0.321169
597 598 0.0999599
598 599 1.04368
599 600 1.40581
600 601 1.74793
601 602 0.277796
602 603 -0.824509
603 604 -0.294771
604 605 1.54358
605 606 0.634702
606 607 0.698393
607 576 0
608 609 0.773023
609 610 -0.0182895
610 611 0.891578
611 612 0.70216
612 613 1.07717
613 614 0.591744
614 615 0.366361
615 616 0.319616
616 617 0.958859
617 618 -0.492899
618 619 0.687962
619 620 0.105207
620 621 0.28745
621 622 0.466229
622 623 1.34671
623 624 1.061
624 625 0.573683
625 626 0.53084
626 627 -1.62011
627 628 0.119217
628 629 1.11542
629 630 1.19843
630 631 -0.911345
631 632 0.304895
632 633 1.96523
633 634 1.18789
634 635 0.856
635 636 1.28138
636 637 0.261233
637 638 0.789033
638 639 0.599415
639 608 0
640 641 0.186249
641 642 -0.306606
642 643 1.78058
643 644 -0.174811
644 645 0.478785
645 646 2.13984
646 647 0.471379
647 648 1.69298
648 649 -0.14681
649 650 0.50988
650 651 0.124862
651 652 0.803648
652 653 0.860903
653 654 -0.62168
654 655 0.132376
655 656 1.57404
656 657 1.07284
657 658 0.298082
658 659 1.69524
659 660 1.2043
660 661 1.12185
661 662 -0.0053015
662 663 1.80727
663 664 0.533915
664 665 1.63395
665 666 1.43068
666 667 0.881445
667 668 0.455024
668 669 1.61775
669 670 0.643132
670 671 -0.0973577
671 640 0
672 673 2.22911
673 674 -0.240814
674 675 1.74044
675 676 0.177796
676 677 0.18614
677 678 1.52764
678 679 -0.696011
679 680 0.345944
680 681 0.71545
681 682 -0.550623
682 683 0.773933
683 684 0.898736
684 685 0.710183
685 686 0.473971
686 687 0.289222
687 688 0.838507
688 689 1.63167
689 690 -0.191952
690 691 0.400362
691 692 -0.177071
692 693 0.686276
693 694 1.08103
694 695 1.01903
695 696 1.12333
696 697 0.927924
697 698 -0.174066
698 699 0.67033
699 700 0.753266
700 701 0.554739
701 702 1.45494
702 703 0.508612
703 672 0
704 705 2.08849
705 706 1.05638
706 707 -0.42648
707 708 0.0019317
708 709 -0.567821
709 710 0.864718
710 711 2.73028
711 712 0.571435
712 713 -0.124724
713 714 0.658825
714 715 -0.790092
715 716 0.246266
716 717 1.43939
717 718 1.81316
718 719 1.77616
719 720 -0.11349
720 721 2.5943
721 722 0.624129
722 723 1.64249
723 724 0.984739
724 725 2.13451
725 726 0.915012
726 727 0.3518
727 728 0.88916
728 729 -0.0575975
729 730 0.840272
730 731 1.86544
731 732 0.321866
732 733 0.883188
733 734 -0.295994
734 735 0.84733
735 704 0
736 737 1.69978
737 738 0.805856
738 739 1.16821
739 740 1.37025
740 741 0.93311
741 742 -0.226175
742 743 -0.982798
743 744 0.302077
744 745 -0.199503
745 746 -0.835036
746 747 2.32488
747 748 0.809344
748 749 0.19983
749 750 -0.217092
750 751 -0.696555
751 752 0.835996
752 753 2.77051
753 754 1.74429
754 755 2.45285
755 756 0.538762
756 757 1.91666
757 758 -0.486371
758 759 1.14537
759 760 -0.187388
760 761 1.79107
761 762 -0.134599
762 763 1.34911
763 764 2.75954
764 765 1.62545
765 766 -0.0291121
766 767 0.729215
767 736 0
768 769 0.213543
769 770 0.260876
770 771 1.7503
771 772 1.19021
772 773 0.41016
773 774 0.0719278
774 775 -0.234147
775 776 1.38468
776 777 0.168176
777 778 1.17924
778 779 -1.05965
779 780 0.65933
780 781 0.243085
781 782 0.640224
782 783 1.10686
783 784 1.35905
784 785 -0.0157426
785 786 0.658187
786 787 1.60476
787 788 0.750795
788 789 0.849931
789 790 0.11025
790 791 0.0228333
791 792 0.999769
792 793 0.855022
793 794 1.5855
794 795 0.645673
795 796 -0.0096432
796 797 0.229269
797 798 0.588762
798 799 -0.530346
799 768 0
800 801 1.24961
801 802 0.182326
802 803 0.57939
803 804 -0.126754
804 805 1.23804
805 806 0.427511
806 807 0.387444
807 808 0.331825
808 809 1.05234
809 810 0.776736
810 811 0.433917
811 812 -0.464411
812 813 0.349594
813 814 0.951837
814 815 1.61638
815 816 -0.517944
816 817 -0.423149
817 818 0.856155
818 819 1.46754
819 820 0.705589
820 821 -0.741019
821 822 1.90035
822 823 0.949543
823 824 1.14018
824 825 0.485549
825 826 -0.226943
826 827 0.897521
827 828 2.06516
828 829 -0.0842424
829 830 1.15724
830 831 1.09232
831 800 0
832 833 2.63077
833 834 0.105675
834 835 0.703488
835 836 -0.022457
836 837 0.152541
837 838 0.36515
838 839 0.554838
839 840 0.0875938
840 841 1.03101
841 842 1.8061
842 843 0.711266
843 844 1.1869
844 845 0.496048
845 846 1.00274
846 847 0.522613
847 848 0.170561
848 849 0.5619
849 850 -0.0177718
850 851 0.647748
851 852 1.22002
852 853 0.149297
853 854 -0.131627
854 855 0.399958
855 856 0.206214
856 857 1.1883
857 858 -0.432456
858 859 0.0409709
859 860 2.48983
860 861 -0.857055
861 862 -0.840049
862 863 0.273688
863 832 0
864 865 0.432369
865 866 0.334864
866 867 0.633329
867 868 -0.0808109
868 869 1.80585
869 870 2.04386
870 871 -0.781046
871 872 -0.294395
872 873 1.28556
873 874 2.1294
874 875 1.07337
875 876 1.60512
876 877 0.632353
877 878 1.809
878 879 1.58204
879 880 -0.281271
880 881 -0.169099
881 882 1.57132
882 883 0.279684
883 884 -0.82104
884 885 0.170751
885 886 1.79814
886 887 1.07133
887 888 0.963972
888 889 0.776468
889 890 0.716134
890 891 0.511078
891 892 0.467823
892 893 2.9374
893 894 -0.38279
894 895 1.45081
895 864 0
896 897 0.876127
897 898 0.501901
898 899 0.253769
899 900 1.34259
900 901 0.316656
901 902 -0.554681
902 903 0.621551
903 904 1.92218
904 905 0.0768045
905 906 2.33914
906 907 -0.0897828
907 908 1.23052
908 909 2.32855
909 910 0.115614
910 911 0.728038
911 912 -0.153473
912 913 0.811933
913 914 0.437318
914 915 1.64853
915 916 1.42544
916 917 1.08827
917 918 2.0313
918 919 0.934543
919 920 1.27898
920 921 1.26621
921 922 -0.95098
922 923 1.57527
923 924 0.300295
924 925 1.10153
925 926 0.295387
926 927 0.749708
927 896 0
928 929 -0.478954
929 930 0.261817
930 931 0.315562
931 932 1.38587
932 933 0.417593
933 934 1.72111
934 935 0.15908
935 936 2.2143
936 937 1.5333
937 938 1.11223
938 939 1.24568
939 940 3.07824
940 941 0.338924
941 942 2.37205
942 943 0.544695
943 944 0.495531
944 945 0.73795
945 946 0.842309
946 947 1.37994
947 948 0.388338
948 949 0.900675
949 950 1.82093
950 951 -0.0441151
951 952 2.29691
952 953 0.751151
953 954 0.0640354
954 955 1.40338
955 956 0.427406
956 957 0.474669
957 958 -0.24079
958 959 0.552244
959 928 0
960 961 0.790898
961 962 0.155193
962 963 -0.140434
963 964 -0.132336
964 965 0.313655
965 966 0.779946
966 967 -0.168134
967 968 -0.186327
968 969 1.35407
969 970 -1.03561
970 971 1.37109
971 972 1.36925
972 973 0.86517
973 974 0.177314
974 975 0.345842
975 976 -0.290584
976 977 1.21546
977 978 0.640289
978 979 1.61836
979 980 1.37111
980 981 0.574037
981 982 1.76847
982 983 1.74686
983 984 1.34926
984 985 0.396735
985 986 1.06199
986 987 1.48739
987 988 1.44745
988 989 1.30697
989 990 0.671098
990 991 -0.0115292
991 960 0
992 993 1.20826
993 994 1.56627
994 995 -0.279404
995 996 0.838829
996 997 0.346609
997 998 1.5691
998 999 0.277203
999 1000 1.27949
1000 1001 -0.246856
1001 1002 0.313314
1002 1003 -0.0574005
1003 1004 0.495057
1004 1005 0.851322
1005 1006 1.89615
1006 1007 -0.478195
1007 1008 1.6862
1008 1009 0.973861
1009 1010 1.81268
1010 1011 0.200157
1011 1012 0.272689
1012 1013 0.621711
1013 1014 0.131442
1014 1015 0.218343
1015 1016 0.256954
1016 1017 0.21529
1017 1018 2.89804
1018 1019 0.206075
1019 1020 -0.742126
1020 1021 0.0175592
1021 1022 0.887161
1022 1023 0.181495
1023 992 0
0 32 0.811253
1 33 1.02794
2 34 0.170926
3 35 2.40861
4 36 1.41831
5 37 1.53221
6 38 1.8022
7 39 0.320521
8 40 0.479905
9 41 1.19093
10 42 0.336925
11 43 1.17067
12 44 -0.139609
13 45 -1.05437
14 46 1.18682
15 47 2.1393
16 48 0.22625
17 49 0.325297
18 50 0.711715
19 51 1.2044
20 52 1.01079
21 53 1.4957
22 54 1.04327
23 55 0.869133
24 56 1.91713
25 57 1.70298
26 58 0.107689
27 59 0.304282
28 60 -0.498218
29 61 2.41062
30 62 0.531714
31 63 0.195059
32 64 0.0902403
33 65 1.92246
34 66 -0.485478
35 67 1.2259
36 68 1.70144
37 69 0.751821
38 70 1.881
39 71 1.69515
40 72 -0.0371041
41 73 -0.245212
42 74 0.239365
43 75 0.585596
44 76 0.653981
45 77 -0.749594
46 78 1.68164
47 79 1.49537
48 80 -0.710259
49 81 0.852352
50 82 0.4483
51 83 0.998932
52 84 1.04037
53 85 -0.0187295
54 86 0.257983
55 87 1.28603
56 88 0.892828
57 89 0.221187
58 90 -0.041922
59 91 0.760099
60 92 0.746227
61 93 0.356995
62 94 0.934876
63 95 -0.310502
64 96 0.613283
65 97 0.0432209
66 98 0.375796
67 99 0.758897
68 100 1.13944
69 101 0.4557
70 102 0.103723
71 103 1.3755
72 104 0.152022
73 105 1.3916
74 106 0.447302
75 107 1.27007
76 108 -1.20664
77 109 1.65388
78 110 1.26328
79 111 -0.353563
80 112 0.322979
81 113 -0.37622
82 114 0.775172
83 115 0.0079859
84 116 0.331186
85 117 0.204839
86 118 0.647395
87 119 -0.75777
88 120 1.22401
89 121 0.956565
90 122 -0.688698
91 123 0.113197
92 124 0.0978268
93 125 1.96614
94 126 0.786414
95 127 1.37382
96 128 2.30197
97 129 -0.465753
98 130 0.281497
99 131 0.508518
100 132 0.976906
101 133 -0.539438
102 134 -0.607406
103 135 0.403978
104 136 1.15571
105 137 0.907517
106 138 -0.532678
107 139 -0.690971
108 140 1.56804
109 141 0.269552
110 142 1.4706
111 143 1.36406
112 144 0.532609
113 145 0.837624
114 146 0.979283
115 147 -0.0663246
116 148 0.316757
117 149 0.162058
118 150 0.382166
119 151 0.828621
120 152 1.20978
121 153 -0.625929
122 154 0.639117
123 155 0.747285
124 156 0.113949
125 157 -0.310076
126 158 1.48429
127 159 1.93579
128 160 -0.277366
129 161 1.06305
130 162 1.52641
131 163 1.01783
132 164 1.53365
133 165 0.389087
134 166 0.374691
135 167 -0.546803
136 168 0.244017
137 169 0.756641
138 170 -1.00569
139 171 0.853901
140 172 1.82192
141 173 -0.534743
142 174 1.09627
143 175 2.07596
144 176 1.37795
145 177 2.03007
146 178 0.488102
147 179 1.97235
148 180 0.369038
149 181 1.35889
150 182 2.56003
151 183 -0.665502
152 184 0.292608
153 185 0.449296
154 186 0.636444
155 187 0.791857
156 188 -0.469301
157 189 1.26166
158 190 0.668837
159 191 1.71604
160 192 2.05993
161 193 0.94328
162 194 0.59145
163 195 0.819192
164 196 0.213944
165 197 -0.194866
166 198 0.499883
167 199 -0.697875
168 200 1.17468
169 201 1.97339
170 202 0.639933
171 203 0.0864144
172 204 0.55081
173 205 0.43493
174 206 -0.603863
175 207 0.673958
176 208 0.918484
177 209 0.318724
178 210 1.35517
179 211 0.189235
180 212 0.533131
181 213 1.83226
182 214 -0.540344
183 215 -0.506586
184 216 1.85988
185 217 0.102594
186 218 -0.0001308
187 219 -0.165889
188 220 0.891997
189 221 0.300558
190 222 1.23045
191 223 0.167076
192 224 1.86803
193 225 1.5059
194 226 0.771149
195 227 0.734168
196 228 0.180587
197 229 0.244796
198 230 0.648979
199 231 1.36535
200 232 0.383334
201 233 0.822721
202 234 0.717768
203 235 1.48904
204 236 0.0761721
205 237 -0.253963
206 238 -0.162329
207 239 0.640759
208 240 0.590999
209 241 0.817415
210 242 -0.208617
211 243 0.772691
212 244 0.506239
213 245 1.45542
214 246 0.128461
215 247 0.843198
216 248 -0.209986
217 249 -0.0678338
218 250 -0.0711981
219 251 1.07367
220 252 1.00546
221 253 -0.212905
222 254 0.465122
223 255 0.928199
224 256 0.0821926
225 257 0.77836
226 258 1.47181
227 259 -0.0986587
228 260 2.16853
229 261 1.74608
230 262 0.199734
231 263 1.09329
232 264 0.17882
233 265 1.13052
234 266 -0.767635
235 267 0.768096
236 268 0.769915
237 269 0.93365
238 270 0.488551
239 271 1.14206
240 272 0.995545
241 273 -0.244508
242 274 1.24936
243 275 1.75933
244 276 0.535926
245 277 1.15091
246 278 0.82009
247 279 1.32362
248 280 1.03281
249 281 1.68217
250 282 0.0212355
251 283 0.232415
252 284 1.65289
253 285 1.14372
254 286 0.855238
255 287 2.32826
256 288 0.241464
257 289 1.37416
258 290 0.105445
259 291 0.159019
260 292 1.13503
261 293 -1.02351
262 294 -0.0418802
263 295 0.637816
264 296 0.160161
265 297 0.683975
266 298 1.19217
267 299 0.215684
268 300 0.748675
269 301 1.75821
270 302 0.0951182
271 303 0.34365
272 304 0.0722665
273 305 0.171604
274 306 1.96978
275 307 1.70637
276 308 1.53664
277 309 2.36173
278 310 0.408919
279 311 0.646702
280 312 0.872786
281 313 1.28647
282 314 0.84008
283 315 1.65242
284 316 -0.165534
285 317 0.23485
286 318 0.310504
287 319 -0.344023
288 320 -0.102475
289 321 1.33767
290 322 0.0023603
291 323 1.32608
292 324 -0.467372
293 325 0.25999
294 326 1.70787
295 327 1.758
296 328 1.60821
297 329 0.695075
298 330 1.09009
299 331 0.217191
300 332 1.09492
301 333 0.239519
302 334 1.65016
303 335 0.604129
304 336 -0.227824
305 337 0.608884
306 338 2.11714
307 339 0.133748
308 340 0.749776
309 341 1.21265
310 342 0.0155958
311 343 0.742815
312 344 0.189579
313 345 1.66588
314 346 0.163232
315 347 0.659231
316 348 -0.108286
317 349 -0.779829
318 350 1.78648
319 351 1.66956
320 352 0.350548
321 353 0.64861
322 354 -0.349243
323 355 0.985131
324 356 0.0525001
325 357 0.868658
326 358 -0.0321142
327 359 2.29551
328 360 0.108714
329 361 0.560764
330 362 1.19277
331 363 0.524297
332 364 -0.139173
333 365 0.437638
334 366 -0.324853
335 367 0.493739
336 368 1.19923
337 369 0.164296
338 370 1.12174
339 371 1.41929
340 372 2.08083
341 373 0.998089
342 374 0.109559
343 375 -0.0836509
344 376 0.981428
345 377 0.820165
346 378 1.6955
347 379 -0.0194148
348 380 0.363702
349 381 1.3865
350 382 -0.0418604
351 383 1.62163
352 384 0.87452
353 385 1.01464
354 386 -0.334205
355 387 0.764922
356 388 -0.0530443
357 389 0.784918
358 390 -0.641907
359 391 -0.0133777
360 392 2.41452
361 393 0.67352
362 394 0.671528
363 395 2.56089
364 396 2.72144
365 397 0.777757
366 398 -0.940634
367 399 2.0412
368 400 -0.735851
369 401 1.27776
370 402 -0.670148
371 403 -0.139438
372 404 1.16328
373 405 0.832908
374 406 0.24916
375 407 0.411061
376 408 0.184883
377 409 0.656117
378 410 0.151689
379 411 0.459715
380 412 1.07523
381 413 1.42353
382 414 0.983485
383 415 0.568751
384 416 1.14062
385 417 0.601476
386 418 1.59804
387 419 0.511388
388 420 0.438336
389 421 -0.372967
390 422 0.136558
391 423 0.375314
392 424 2.05127
393 425 0.264722
394 426 -0.195636
395 427 0.696181
396 428 -0.175525
397 429 0.706575
398 430 0.283166
399 431 -0.258227
400 432 0.490308
401 433 -0.404353
402 434 1.35363
403 435 1.1206
404 436 0.542833
405 437 0.38676
406 438 0.322598
407 439 -0.25231
408 440 0.194744
409 441 -0.0819849
410 442 1.228
411 443 1.7511
412 444 1.32685
413 445 -0.0469625
414 446 -0.199652
415 447 0.73319
416 448 1.31192
417 449 -0.123351
418 450 1.09381
419 451 1.01793
420 452 -0.0649405
421 453 1.50814
422 454 0.0853133
423 455 1.1311
424 456 1.45267
425 457 2.61338
426 458 0.515689
427 459 -0.200624
428 460 0.82521
429 461 -0.0071626
430 462 0.34969
431 463 -0.228308
432 464 1.46252
433 465 1.03381
434 466 0.987096
435 467 2.05625
436 468 -0.21969
437 469 -0.231219
438 470 0.530845
439 471 1.86476
440 472 0.211934
441 473 1.93167
442 474 -1.16599
443 475 -0.0004167
444 476 0.368434
445 477 1.20637
446 478 0.946741
447 479 0.903541
448 480 1.43926
449 481 0.485216
450 482 0.428119
451 483 -0.535173
452 484 -0.264971
453 485 -0.494962
454 486 0.861411
455 487 1.29742
456 488 0.97063
457 489 1.73494
458 490 1.14489
459 491 0.679661
460 492 1.97502
461 493 0.177741
462 494 1.17214
463 495 0.0718544
464 496 0.0086342
465 497 0.717192
466 498 -0.48905
467 499 -0.404329
468 500 0.863329
469 501 -0.318896
470 502 0.75759
471 503 1.54154
472 504 0.366617
473 505 0.312461
474 506 1.1598
475 507 0.258869
476 508 0.180077
477 509 -0.363049
478 510 0.745876
479 511 0.124174
480 512 0.0928233
481 513 0.400828
482 514 -0.0882164
483 515 0.213929
484 516 1.74619
485 517 0.891355
486 518 0.310661
487 519 1.71154
488 520 -0.493656
489 521 0.351935
490 522 -0.351988
491 523 1.99216
492 524 0.176708
493 525 0.306546
494 526 1.63439
495 527 -0.664866
496 528 0.320389
497 529 0.520229
498 530 0.0528314
499 531 0.674526
500 532 -0.391113
501 533 -0.0644579
502 534 0.550044
503 535 0.489628
504 536 -0.313385
505 537 0.462635
506 538 0.826918
507 539 1.45783
508 540 1.92325
509 541 0.838405
510 542 0.288087
511 543 1.08177
512 544 0.721916
513 545 1.12421
514 546 -0.103111
515 547 0.266582
516 548 1.28385
517 549 0.258146
518 550 1.64015
519 551 -0.40574
520 552 0.278065
521 553 1.08105
522 554 0.125433
523 555 0.998097
524 556 0.0391157
525 557 1.51326
526 558 -0.768485
527 559 1.34399
528 560 1.07474
529 561 1.06702
530 562 1.51013
531 563 0.1215
532 564 0.7143
533 565 1.45196
534 566 -0.0185362
535 567 0.737073
536 568 0.801796
537 569 1.01861
538 570 0.565972
539 571 0.108005
540 572 0.45256
541 573 1.02213
542 574 1.19259
543 575 1.19159
544 576 0.85144
545 577 -0.804743
546 578 -0.223223
547 579 0.700984
548 580 -0.131944
549 581 0.336334
550 582 0.89579
551 583 0.188028
552 584 0.280617
553 585 0.944301
554 586 -0.55335
555 587 1.04862
556 588 0.32158
557 589 0.604801
558 590 0.373853
559 591 0.0849481
560 592 -0.310257
561 593 0.505803
562 594 0.697627
563 595 0.293261
564 596 0.198703
565 597 2.17901
566 598 0.37056
567 599 0.149183
568 600 1.64219
569 601 0.58343
570 602 1.3966
571 603 0.125016
572 604 0.961587
573 605 -0.0970614
574 606 1.10123
575 607 1.02896
576 608 2.03158
577 609 1.44231
578 610 -0.0459181
579 611 1.64602
580 612 0.399116
581 613 0.945667
582 614 -0.329764
583 615 0.346255
584 616 0.0415514
585 617 -0.494091
586 618 1.1394
587 619 0.562621
588 620 1.04218
589 621 -0.389353
590 622 0.272755
591 623 1.09181
592 624 0.836357
593 625 0.951199
594 626 1.22299
595 627 2.41173
596 628 0.198117
597 629 0.640551
598 630 -0.145122
599 631 1.53835
600 632 -0.186484
601 633 0.787866
602 634 0.492003
603 635 2.54845
604 636 0.141459
605 637 0.745496
606 638 0.687816
607 639 0.595336
608 640 0.297969
609 641 2.02563
610 642 0.32377
611 643 0.910304
612 644 0.205009
613 645 0.553584
614 646 0.138652
615 647 0.419523
616 648 0.343547
617 649 0.770711
618 650 1.13261
619 651 0.117851
620 652 1.28733
621 653 0.764276
622 654 1.12477
623 655 0.779203
624 656 1.07653
625 657 -0.626077
626 658 0.734553
627 659 1.00548
628 660 -0.635027
629 661 0.358193
630 662 0.531571
631 663 2.29887
632 664 0.142222
633 665 -0.460589
634 666 -0.511184
635 667 1.05219
636 668 0.579597
637 669 1.14165
638 670 0.718249
639 671 1.91909
640 672 0.566206
641 673 0.867513
642 674 0.02994
643 675 1.09747
644 676 1.09231
645 677 -1.44679
646 678 1.06147
647 679 -0.0621925
648 680 0.894548
649 681 0.555838
650 682 0.867538
651 683 0.444205
652 684 -0.83011
653 685 -0.0154368
654 686 0.866023
655 687 -0.429021
656 688 -0.73696
657 689 0.650414
658 690 0.475374
659 691 0.562703
660 692 0.0729129
661 693 1.84566
662 694 0.548478
663 695 -0.204149
664 696 0.320215
665 697 -0.414572
666 698 0.580331
667 699 -0.743847
668 700 0.989267
669 701 1.60419
670 702 0.574115
671 703 0.973265
672 704 1.07494
673 705 0.496036
674 706 2.19554
675 707 0.985963
676 708 -0.108712
677 709 0.0295906
678 710 1.53553
679 711 0.988382
680 712 2.27521
681 713 1.45764
682 714 0.880445
683 715 1.16106
684 716 3.00896
685 717 -0.365638
686 718 -0.137826
687 719 0.396497
688 720 1.54141
689 721 1.4752
690 722 -0.157446
691 723 2.0521
692 724 0.359998
693 725 -0.979819
694 726 0.446604
695 727 0.515943
696 728 -0.395432
697 729 -0.0272034
698 730 2.11453
699 731 0.418141
700 732 1.2041
701 733 0.15626
702 734 0.81363
703 735 0.277418
704 736 0.0494598
705 737 1.06545
706 738 -0.201043
707 739 0.351055
708 740 1.47521
709 741 0.851126
710 742 0.685207
711 743 1.43297
712 744 0.646396
713 745 0.971417
714 746 1.11068
715 747 1.62811
716 748 0.0864975
717 749 1.12143
718 750 0.848303
719 751 1.0973
720 752 0.349047
721 753 0.400906
722 754 -0.0236392
723 755 0.574935
724 756 -1.56951
725 757 1.02308
726 758 1.98111
727 759 0.634595
728 760 0.29999
729 761 1.44372
730 762 -0.276382
731 763 -0.186212
732 764 1.59639
733 765 -0.570551
734 766 0.323416
735 767 -0.315431
736 768 -0.254362
737 769 1.01855
738 770 1.9441
739 771 0.344662
740 772 -0.555979
741 773 0.367301
742 774 0.574578
743 775 0.486766
744 776 1.21855
745 777 1.40636
746 778 2.14192
747 779 1.5659
748 780 0.820065
749 781 1.11218
750 782 1.07071
751 783 -0.488839
752 784 2.14408
753 785 -0.854932
754 786 1.02794
755 787 1.30273
756 788 0.775604
757 789 1.098
758 790 1.43828
759 791 0.88493
760 792 0.0703032
761 793 0.198679
762 794 1.40169
763 795 -0.30474
764 796 0.4849
765 797 -0.043318
766 798 0.117723
767 799 0.758559
768 800 1.7457
769 801 0.389126
770 802 -0.32199
771 803 1.42603
772 804 0.728189
773 805 0.895254
774 806 1.64294
775 807 -0.440812
776 808 0.717988
777 809 0.303837
778 810 2.30518
779 811 -0.49648
780 812 1.51272
781 813 1.42633
782 814 0.964699
783 815 0.727352
784 816 2.28046
785 817 0.979179
786 818 1.49225
787 819 0.505918
788 820 0.757404
789 821 0.302045
790 822 0.745336
791 823 1.12267
792 824 0.0778865
793 825 0.174297
794 826 1.07749
795 827 -0.159294
796 828 0.714664
797 829 0.201546
798 830 0.618514
799 831 0.747313
800 832 0.889133
801 833 -0.482302
802 834 0.404276
803 835 -0.195908
804 836 1.45734
805 837 0.49962
806 838 1.09142
807 839 2.043
808 840 1.05608
809 841 0.160841
810 842 1.42783
811 843 1.9627
812 844 1.37532
813 845 0.819236
814 846 0.463847
815 847 0.0312509
816 848 1.83609
817 849 0.225901
818 850 1.41053
819 851 -0.801737
820 852 1.22775
821 853 -0.0332132
822 854 0.665139
823 855 -0.164507
824 856 0.33282
825 857 1.46406
826 858 0.593076
827 859 2.2596
828 860 -0.273156
829 861 0.686076
830 862 0.769554
831 863 1.32878
832 864 0.155631
833 865 -0.341797
834 866 0.238072
835 867 1.94494
836 868 0.415071
837 869 0.0249677
838 870 0.630976
839 871 2.01939
840 872 0.590518
841 873 1.23232
842 874 -0.524133
843 875 -0.700455
844 876 0.290116
845 877 0.637996
846 878 -1.18703
847 879 2.30688
848 880 -0.046749
849 881 -0.34271
850 882 1.37538
851 883 1.17678
852 884 0.297008
853 885 0.248988
854 886 0.640933
855 887 0.433243
856 888 -0.164058
857 889 -0.0246355
858 890 0.0740623
859 891 0.457341
860 892 1.53124
861 893 2.02619
862 894 0.501759
863 895 1.34548
864 896 1.01921
865 897 1.50502
866 898 0.765974
867 899 1.31794
868 900 1.14071
869 901 0.268867
870 902 0.495774
871 903 1.05527
872 904 0.534432
873 905 0.272864
874 906 -0.0150667
875 907 1.08166
876 908 0.344339
877 909 -0.52517
878 910 0.705588
879 911 1.42177
880 912 1.17503
881 913 1.50658
882 914 0.65825
883 915 0.513531
884 916 1.34218
885 917 0.044083
886 918 0.24791
887 919 -0.300707
888 920 -0.100558
889 921 1.0012
890 922 1.70953
891 923 -0.45975
892 924 -0.501622
893 925 1.28075
894 926 0.0154595
895 927 0.602772
896 928 0.388323
897 929 0.236236
898 930 0.698002
899 931 0.264843
900 932 0.313474
901 933 0.591197
902 934 1.07697
903 935 0.861413
904 936 -1.11322
905 937 0.371942
906 938 0.923186
907 939 -0.584577
908 940 0.964085
909 941 0.649224
910 942 0.799013
911 943 0.393494
912 944 1.30786
913 945 -0.75246
914 946 0.196191
915 947 1.17457
916 948 0.460921
917 949 0.0402837
918 950 0.68829
919 951 3.3333
920 952 -0.954652
921 953 2.28705
922 954 0.390142
923 955 0.515981
924 956 0.468671
925 957 0.145616
926 958 0.872019
927 959 0.346167
928 960 1.5236
929 961 0.327488
930 962 0.262684
931 963 2.12038
932 964 0.716726
933 965 -0.0840747
934 966 0.986354
935 967 0.133862
936 968 1.57934
937 969 1.5444
938 970 1.37404
939 971 -0.0513907
940 972 0.131912
941 973 0.258946
942 974 0.176159
943 975 0.493336
944 976 0.34683
945 977 -0.181535
946 978 0.977287
947 979 -1.04476
948 980 0.237938
949 981 1.32202
950 982 1.82497
951 983 -0.184611
952 984 -0.38023
953 985 1.87828
954 986 0.810253
955 987 0.0741127
956 988 0.605593
957 989 0.317391
958 990 2.22001
959 991 0.0246401
960 992 -0.215641
961 993 0.85743
962 994 0.418328
963 995 1.27197
964 996 -0.869602
965 997 1.79086
966 998 0.774195
967 999 1.73119
968 1000 2.77395
969 1001 1.33943
970 1002 0.241502
971 1003 0.779886
972 1004 1.56008
973 1005 -0.174567
974 1006 1.34685
975 1007 1.24958
976 1008 1.44838
977 1009 0.915818
978 1010 -0.510188
979 1011 0.112779
980 1012 0.283636
981 1013 -0.0877123
982 1014 0.695296
983 1015 1.23014
984 1016 0.347986
985 1017 1.41029
986 1018 -0.107831
987 1019 1.0555
988 1020 0.731202
989 1021 0.0066081
990 1022 0.40937
991 1023 0.68294
992 0 0
993 1 0
994 2 0
995 3 0
996 4 0
997 5 0
998 6 0
999 7 0
1000 8 0
1001 9 0
1002 10 0
1003 11 0
1004 12 0
1005 13 0
1006 14 0
1007 15 0
1008 16 0
1009 17 0
1010 18 0
1011 19 0
1012 20 0
1013 21 0
1014 22 0
1015 23 0
1016 24 0
1017 25 0
1018 26 0
1019 27 0
1020 28 0
1021 29 0
1022 30 0
1023 31 0
