1 2 -0.569703
2 3 0.68981
3 4 1.05469
4 5 2.62488
5 6 0.265594
6 7 0.617142
7 8 0.581704
8 9 0.95923
9 10 0.245639
10 11 0.384459
11 12 1.42715
12 13 0.415459
13 14 -0.0255116
14 15 1.49913
15 16 0.913597
16 1 0
17 18 0.432003
18 19 0.913564
19 20 1.43692
20 21 0.437917
21 22 1.28116
22 23 0.108489
23 24 0.140588
24 25 0.354044
25 26 0.357398
26 27 1.22962
27 28 -1.18381
28 29 0.487232
29 30 1.34168
30 31 0.135341
31 32 1.04741
32 17 0
33 34 0.973947
34 35 1.58174
35 36 2.39843
36 37 0.399156
37 38 -0.194984
38 39 1.06809
39 40 1.0868
40 41 -1.54191
41 42 -0.0151046
42 43 0.158643
43 44 1.96637
44 45 0.850825
45 46 -0.624816
46 47 -0.0585972
47 48 0.612522
48 33 0
49 50 -0.32793
50 51 -0.85198
51 52 1.44406
52 53 -0.186693
53 54 2.33062
54 55 0.945694
55 56 1.00968
56 57 0.969087
57 58 0.923669
58 59 2.31263
59 60 0.827982
60 61 -0.252607
61 62 0.250914
62 63 1.76514
63 64 1.94589
64 49 0
65 66 1.48341
66 67 1.67992
67 68 2.70037
68 69 -0.0159548
69 70 0.725447
70 71 -0.29111
71 72 -0.259711
72 73 0.0683936
73 74 0.854135
74 75 -0.247214
75 76 1.16583
76 77 -0.468282
77 78 0.0557242
78 79 2.05509
79 80 1.44242
80 65 0
81 82 0.0484858
82 83 2.6407
83 84 0.641912
84 85 -0.331154
85 86 0.634099
86 87 0.570581
87 88 0.875814
88 89 0.651698
89 90 1.51015
90 91 0.292162
91 92 1.69305
92 93 1.98525
93 94 -0.486816
94 95 1.07323
95 96 1.61664
96 81 0
97 98 2.49761
98 99 0.530064
99 100 0.938306
100 101 0.599111
101 102 0.37753
102 103 0.855609
103 104 -0.449827
104 105 0.502539
105 106 0.433602
106 107 1.67731
107 108 1.46351
108 109 0.366922
109 110 2.05404
110 111 1.4108
111 112 -0.235897
112 97 0
113 114 1.96337
114 115 1.14421
115 116 1.25972
116 117 -0.669218
117 118 0.706966
118 119 -0.25654
119 120 0.221203
120 121 -0.323515
121 122 1.31673
122 123 0.912745
123 124 1.44252
124 125 1.16955
125 126 -0.826358
126 127 1.0144
127 128 1.8671
128 113 0
129 130 0.178717
130 131 1.04579
131 132 1.15344
132 133 0.903264
133 134 0.641721
134 135 1.24782
135 136 0.643706
136 137 0.10233
137 138 0.157496
138 139 0.147546
139 140 2.35373
140 141 0.891816
141 142 0.340331
142 143 1.74482
143 144 -0.0112688
144 129 0
145 146 -0.102603
146 147 0.178417
147 148 -0.256128
148 149 0.345674
149 150 0.652799
150 151 0.830225
151 152 0.589298
152 153 1.01105
153 154 0.694823
154 155 0.998197
155 156 0.637974
156 157 0.413983
157 158 0.383195
158 159 1.14626
159 160 0.210121
160 145 0
161 162 0.881571
162 163 0.252602
163 164 0.123327
164 165 0.882337
165 166 -0.557686
166 167 -0.101789
167 168 -0.272501
168 169 0.918103
169 170 -0.251306
170 171 2.36326
171 172 -0.565242
172 173 1.08359
173 174 0.473664
174 175 0.382935
175 176 0.320547
176 161 0
177 178 1.28404
178 179 0.815074
179 180 0.944543
180 181 0.571955
181 182 1.0186
182 183 1.40784
183 184 1.13578
184 185 -0.269153
185 186 1.52126
186 187 0.178592
187 188 0.270729
188 189 -0.28698
189 190 1.73579
190 191 -0.660465
191 192 0.435764
192 177 0
193 194 -0.548755
194 195 0.883696
195 196 0.997658
196 197 1.06737
197 198 2.3239
198 199 -0.41266
199 200 -0.574268
200 201 0.141067
201 202 0.897362
202 203 0.345671
203 204 0.936782
204 205 -0.168602
205 206 -0.074634
206 207 0.388881
207 208 0.380125
208 193 0
209 210 0.116386
210 211 -0.602427
211 212 0.267429
212 213 0.191573
213 214 -0.704299
214 215 1.17074
215 216 0.772628
216 217 0.0834035
217 218 1.84853
218 219 0.948662
219 220 1.16365
220 221 0.789526
221 222 1.9363
222 223 0.712539
223 224 0.322573
224 209 0
225 226 0.440504
226 227 0.867818
227 228 2.46106
228 229 0.854556
229 230 1.4221
230 231 0.50116
231 232 0.622386
232 233 1.55622
233 234 1.13496
234 235 3.2565
235 236 0.927678
236 237 -0.117031
237 238 1.08335
238 239 -0.137302
239 240 0.600612
240 225 0
241 242 0.400048
242 243 0.0587711
243 244 2.09711
244 245 -0.158709
245 246 0.534896
246 247 0.160029
247 248 0.815377
248 249 -0.0385463
249 250 1.9513
250 251 1.09905
251 252 -0.286003
252 253 0.956174
253 254 2.16541
254 255 1.02578
255 256 1.60521
256 241 0
1 17 0.812816
2 18 0.838234
3 19 0.313057
4 20 2.10258
5 21 0.751145
6 22 0.926063
7 23 0.989471
8 24 0.0136316
9 25 0.509273
10 26 0.415237
11 27 0.262431
12 28 0.210583
13 29 0.59466
14 30 0.278246
15 31 1.3009
16 32 -0.199796
17 33 1.63306
18 34 -0.0497421
19 35 0.453876
20 36 0.404316
21 37 0.450184
22 38 2.00185
23 39 0.93341
24 40 0.486031
25 41 1.56726
26 42 0.321879
27 43 0.858272
28 44 1.30494
29 45 0.962617
30 46 0.774315
31 47 1.14532
32 48 1.41162
33 49 0.661532
34 50 0.460364
35 51 -0.176481
36 52 1.70096
37 53 1.07079
38 54 1.19538
39 55 0.695502
40 56 1.50267
41 57 0.528332
42 58 0.230411
43 59 0.62098
44 60 -1.23089
45 61 1.36964
46 62 1.68685
47 63 0.930836
48 64 -0.0577517
49 65 1.12503
50 66 1.16877
51 67 1.15057
52 68 -0.155593
53 69 0.109131
54 70 0.933411
55 71 1.1754
56 72 -0.137091
57 73 1.00829
58 74 0.568581
59 75 -0.574503
60 76 1.51239
61 77 1.79294
62 78 1.04178
63 79 -0.0015982
64 80 0.894401
65 81 0.84883
66 82 1.277
67 83 -1.12449
68 84 0.682051
69 85 0.561907
70 86 -0.617212
71 87 1.09893
72 88 0.392874
73 89 0.149976
74 90 0.551783
75 91 1.40988
76 92 1.45189
77 93 1.72896
78 94 0.762852
79 95 0.783875
80 96 -0.489379
81 97 1.39184
82 98 1.87198
83 99 2.29337
84 100 0.654656
85 101 1.03926
86 102 -0.177815
87 103 0.3521
88 104 2.07056
89 105 0.482394
90 106 -0.0135775
91 107 0.254771
92 108 2.17587
93 109 1.53234
94 110 -0.0169649
95 111 -0.0157574
96 112 0.638246
97 113 2.51146
98 114 -0.877407
99 115 0.355177
100 116 -0.782978
101 117 0.390282
102 118 -0.174678
103 119 1.459
104 120 -0.190613
105 121 0.583417
106 122 0.0005731
107 123 0.338464
108 124 -0.243724
109 125 1.212
110 126 0.892863
111 127 0.919796
112 128 0.72882
113 129 1.5618
114 130 0.407505
115 131 0.0153644
116 132 0.865268
117 133 0.852833
118 134 0.337479
119 135 0.229977
120 136 1.93016
121 137 2.47844
122 138 0.869785
123 139 2.16082
124 140 0.552938
125 141 0.0199515
126 142 0.554441
127 143 0.146274
128 144 0.507608
129 145 1.59955
130 146 1.26374
131 147 0.295524
132 148 0.292912
133 149 1.08228
134 150 1.25216
135 151 0.529209
136 152 0.698928
137 153 0.534634
138 154 0.76626
139 155 0.0505376
140 156 0.355826
141 157 0.129877
142 158 1.15678
143 159 0.413203
144 160 0.293026
145 161 1.10615
146 162 -0.246876
147 163 -0.0565375
148 164 1.60015
149 165 0.246532
150 166 0.346472
151 167 0.96496
152 168 -0.194719
153 169 -0.10019
154 170 0.398481
155 171 0.350143
156 172 0.237133
157 173 0.121216
158 174 -0.328076
159 175 0.217339
160 176 0.717975
161 177 -0.996387
162 178 1.06762
163 179 1.20955
164 180 -0.17445
165 181 1.11951
166 182 0.577736
167 183 0.107949
168 184 0.656343
169 185 2.00845
170 186 1.40768
171 187 0.962163
172 188 0.823107
173 189 1.70876
174 190 0.16041
175 191 0.933681
176 192 2.67192
177 193 1.08837
178 194 0.153043
179 195 1.62686
180 196 0.129208
181 197 0.842811
182 198 1.78039
183 199 1.07649
184 200 1.07001
185 201 0.460872
186 202 0.642555
187 203 0.870877
188 204 0.737573
189 205 -0.0609146
190 206 0.41738
191 207 0.296447
192 208 1.07358
193 209 0.475244
194 210 0.852843
195 211 0.727837
196 212 0.0021535
197 213 1.05404
198 214 0.066659
199 215 1.54439
200 216 0.65227
201 217 1.14304
202 218 -0.530489
203 219 0.510734
204 220 -0.534117
205 221 0.880211
206 222 0.814388
207 223 -0.785866
208 224 1.14075
209 225 1.45891
210 226 1.06689
211 227 0.089384
212 228 1.53388
213 229 0.0462765
214 230 2.1556
215 231 1.09257
216 232 0.0212764
217 233 -1.09652
218 234 -0.150919
219 235 1.84737
220 236 0.681887
221 237 1.90722
222 238 1.55996
223 239 1.01287
224 240 1.05321
225 241 1.37495
226 242 -0.210903
227 243 0.203034
228 244 2.12222
229 245 0.966582
230 246 0.722796
231 247 0.936738
232 248 1.40956
233 249 0.033297
234 250 1.89698
235 251 0.562535
236 252 -0.62198
237 253 0.963866
238 254 0.160603
239 255 1.10428
240 256 0.227343
241 1 0
242 2 0
243 3 0
244 4 0
245 5 0
246 6 0
247 7 0
248 8 0
249 9 0
250 10 0
251 11 0
252 12 0
253 13 0
254 14 0
255 15 0
256 16 0
