1 2 1.737
2 3 1.00433
3 4 0.1676
4 5 1.26865
5 6 0.77571
6 7 0.749331
7 8 0.345645
8 9 0.645687
9 10 1.07029
10 11 1.00648
11 12 0.409846
12 13 0.955765
13 14 1.88604
14 15 1.80302
15 16 0.932711
16 1 0
17 18 0.458375
18 19 1.34277
19 20 1.12959
20 21 0.0601092
21 22 -0.140795
22 23 0.280766
23 24 0.342899
24 25 0.406092
25 26 -0.262667
26 27 1.48737
27 28 -0.417313
28 29 0.657248
29 30 -0.464395
30 31 0.98348
31 32 -0.122533
32 17 0
33 34 0.155656
34 35 1.763
35 36 1.16457
36 37 1.19343
37 38 1.59745
38 39 1.37822
39 40 0.230387
40 41 0.4662
41 42 0.965388
42 43 -0.0013518
43 44 0.83117
44 45 1.22559
45 46 -0.220584
46 47 1.18695
47 48 1.02044
48 33 0
49 50 1.01829
50 51 1.66091
51 52 -0.362889
52 53 0.106403
53 54 0.551771
54 55 0.0336595
55 56 1.46158
56 57 0.806426
57 58 0.501164
58 59 1.43834
59 60 -0.154558
60 61 1.47805
61 62 1.57353
62 63 -0.366955
63 64 1.06742
64 49 0
65 66 2.2558
66 67 0.742612
67 68 0.364644
68 69 1.40255
69 70 0.13634
70 71 0.985637
71 72 1.19505
72 73 1.30802
73 74 1.71215
74 75 0.633825
75 76 0.734227
76 77 -0.144895
77 78 0.910457
78 79 0.613391
79 80 2.1173
80 65 0
81 82 1.18891
82 83 1.63379
83 84 1.07759
84 85 0.689767
85 86 0.83188
86 87 0.237548
87 88 -0.581313
88 89 0.718304
89 90 0.648293
90 91 1.33698
91 92 0.920397
92 93 0.0036936
93 94 0.626209
94 95 1.61062
95 96 0.726025
96 81 0
97 98 1.20351
98 99 1.51957
99 100 -0.422657
100 101 1.94983
101 102 0.29341
102 103 0.0787656
103 104 0.366412
104 105 0.727874
105 106 0.884892
106 107 1.08667
107 108 0.812741
108 109 -0.250183
109 110 0.547111
110 111 1.21798
111 112 0.100493
112 97 0
113 114 1.86635
114 115 1.79017
115 116 0.268862
116 117 1.77709
117 118 2.2776
118 119 0.420354
119 120 0.445595
120 121 0.0333153
121 122 0.459868
122 123 1.14054
123 124 0.763982
124 125 0.230487
125 126 0.426825
126 127 0.317769
127 128 0.509987
128 113 0
129 130 0.983059
130 131 0.959706
131 132 1.46058
132 133 0.814295
133 134 0.835349
134 135 0.700655
135 136 1.18508
136 137 1.28641
137 138 0.332024
138 139 1.51283
139 140 0.840953
140 141 0.307815
141 142 0.640522
142 143 -0.228197
143 144 0.192994
144 129 0
145 146 -0.112999
146 147 2.07219
147 148 0.447926
148 149 0.221219
149 150 -0.516928
150 151 -0.164394
151 152 0.0380731
152 153 0.375235
153 154 0.807008
154 155 0.537692
155 156 1.1893
156 157 0.30138
157 158 1.76289
158 159 0.867945
159 160 1.37836
160 145 0
161 162 0.650515
162 163 -0.650921
163 164 1.2581
164 165 1.40742
165 166 0.369572
166 167 2.18655
167 168 -0.315453
168 169 1.85348
169 170 0.494702
170 171 2.00139
171 172 -0.621647
172 173 0.952579
173 174 -0.0424642
174 175 1.88871
175 176 0.126716
176 161 0
177 178 -0.233815
178 179 1.51143
179 180 0.0953789
180 181 0.0658197
181 182 1.60891
182 183 -0.0923197
183 184 0.608707
184 185 0.412
185 186 1.62474
186 187 0.428852
187 188 1.08152
188 189 0.334772
189 190 1.14468
190 191 0.981811
191 192 2.38513
192 177 0
193 194 -0.527469
194 195 1.84055
195 196 0.258285
196 197 -0.343281
197 198 1.07664
198 199 1.56762
199 200 1.48508
200 201 -0.227987
201 202 2.15232
202 203 0.65544
203 204 2.27468
204 205 0.0494467
205 206 1.27875
206 207 1.11765
207 208 1.26449
208 193 0
209 210 1.204
210 211 1.57086
211 212 1.30418
212 213 1.6281
213 214 0.0634147
214 215 0.0320263
215 216 0.845612
216 217 0.553648
217 218 -1.31565
218 219 1.6692
219 220 0.177864
220 221 2.07258
221 222 0.127318
222 223 0.355314
223 224 0.417503
224 209 0
225 226 -0.387209
226 227 1.42168
227 228 1.73227
228 229 -0.70431
229 230 0.596997
230 231 0.966682
231 232 0.40854
232 233 -0.107267
233 234 0.328532
234 235 0.26816
235 236 0.4817
236 237 2.6653
237 238 0.335407
238 239 0.407785
239 240 0.6243
240 225 0
241 242 1.92541
242 243 0.469937
243 244 1.74279
244 245 0.684453
245 246 0.28858
246 247 0.740742
247 248 1.22348
248 249 1.04936
249 250 0.181687
250 251 0.545629
251 252 1.40603
252 253 1.33077
253 254 0.494514
254 255 2.40703
255 256 1.75853
256 241 0
1 17 0.525009
2 18 0.385999
3 19 -0.882524
4 20 0.376785
5 21 0.37894
6 22 1.16661
7 23 0.814163
8 24 3.47094
9 25 0.54578
10 26 0.0913205
11 27 0.458981
12 28 0.413687
13 29 0.558188
14 30 0.886183
15 31 -0.395733
16 32 0.181318
17 33 1.01735
18 34 0.205022
19 35 0.99347
20 36 1.88875
21 37 0.905611
22 38 -1.28563
23 39 0.661762
24 40 1.16994
25 41 -0.304805
26 42 -0.354832
27 43 1.27277
28 44 -0.068036
29 45 0.42427
30 46 1.21595
31 47 1.1776
32 48 0.511443
33 49 0.3316
34 50 0.806788
35 51 0.136253
36 52 0.439551
37 53 1.64652
38 54 0.193312
39 55 0.0598286
40 56 0.602944
41 57 0.203962
42 58 0.467749
43 59 0.3365
44 60 1.96097
45 61 2.4048
46 62 0.878716
47 63 0.99722
48 64 0.2135
49 65 0.457271
50 66 0.481956
51 67 0.343098
52 68 0.335649
53 69 2.43735
54 70 1.09057
55 71 0.288103
56 72 -1.03503
57 73 1.20212
58 74 3.25158
59 75 -0.749949
60 76 1.22399
61 77 0.0065718
62 78 0.813134
63 79 0.48472
64 80 1.16817
65 81 -0.801951
66 82 0.973548
67 83 1.21934
68 84 0.0482411
69 85 0.806139
70 86 -0.838536
71 87 1.65586
72 88 -0.214086
73 89 0.409811
74 90 1.06868
75 91 0.324072
76 92 0.798641
77 93 0.839303
78 94 0.617674
79 95 0.38551
80 96 0.205569
81 97 0.582745
82 98 0.766831
83 99 0.718952
84 100 0.867441
85 101 -0.187268
86 102 1.58259
87 103 1.53905
88 104 1.07072
89 105 -0.971803
90 106 0.211378
91 107 0.372963
92 108 -0.0159866
93 109 0.218647
94 110 0.582324
95 111 0.148026
96 112 0.492452
97 113 0.211016
98 114 -0.0135805
99 115 0.533002
100 116 0.310371
101 117 -0.468834
102 118 0.845303
103 119 -0.195217
104 120 1.31675
105 121 1.03268
106 122 1.05899
107 123 -0.787547
108 124 0.108793
109 125 -0.336327
110 126 1.65464
111 127 0.528037
112 128 1.05477
113 129 -0.352908
114 130 0.707526
115 131 0.939963
116 132 -0.15812
117 133 -0.105216
118 134 0.466724
119 135 1.25566
120 136 0.45432
121 137 -0.395594
122 138 1.62085
123 139 1.75013
124 140 0.496676
125 141 0.114169
126 142 0.998459
127 143 0.542486
128 144 0.570812
129 145 0.667443
130 146 1.2927
131 147 -0.114664
132 148 0.300144
133 149 1.24583
134 150 1.56532
135 151 -0.0608706
136 152 0.486067
137 153 1.76158
138 154 -0.773605
139 155 1.97207
140 156 0.711067
141 157 1.001
142 158 0.647266
143 159 1.38203
144 160 -0.409011
145 161 1.36099
146 162 -0.119852
147 163 0.914382
148 164 1.07101
149 165 -0.912334
150 166 -0.572178
151 167 1.11019
152 168 1.37135
153 169 0.29094
154 170 0.931791
155 171 0.972419
156 172 2.1237
157 173 -0.425857
158 174 -0.164164
159 175 0.496634
160 176 0.637519
161 177 0.18951
162 178 2.50463
163 179 0.91169
164 180 0.211974
165 181 0.295796
166 182 0.471802
167 183 0.286818
168 184 1.18388
169 185 -0.180869
170 186 0.0580493
171 187 0.468733
172 188 -0.128588
173 189 1.15752
174 190 0.62635
175 191 -0.374956
176 192 -0.521087
177 193 1.1017
178 194 0.346
179 195 0.449054
180 196 1.16257
181 197 2.17152
182 198 1.2494
183 199 0.998942
184 200 0.734961
185 201 0.665662
186 202 0.953865
187 203 0.481595
188 204 1.49798
189 205 0.976349
190 206 -0.584443
191 207 0.77486
192 208 0.147783
193 209 0.932462
194 210 0.142953
195 211 0.219944
196 212 0.482203
197 213 0.663799
198 214 0.30081
199 215 -0.012846
200 216 1.41528
201 217 0.964655
202 218 1.5218
203 219 0.347767
204 220 -0.393195
205 221 1.27076
206 222 -0.0540909
207 223 0.523771
208 224 0.755576
209 225 0.81673
210 226 0.829631
211 227 1.34609
212 228 1.16234
213 229 0.293237
214 230 0.469428
215 231 2.18914
216 232 1.00569
217 233 0.299572
218 234 0.790484
219 235 0.172035
220 236 1.39146
221 237 -1.69079
222 238 0.14643
223 239 0.6138
224 240 0.28814
225 241 0.231488
226 242 2.98608
227 243 0.0770008
228 244 -0.0462979
229 245 0.321005
230 246 1.32992
231 247 1.04182
232 248 0.435874
233 249 0.2874
234 250 0.426157
235 251 0.44393
236 252 0.203875
237 253 0.284254
238 254 -0.0208315
239 255 0.426912
240 256 0.163822
241 1 0
242 2 0
243 3 0
244 4 0
245 5 0
246 6 0
247 7 0
248 8 0
249 9 0
250 10 0
251 11 0
252 12 0
253 13 0
254 14 0
255 15 0
256 16 0
