0 1 1.10205
1 2 0.213596
2 3 -0.251516
3 4 2.59641
4 5 1.23289
5 6 0.0429939
6 7 0.692512
7 8 0.0685605
8 9 1.01445
9 10 0.326363
10 11 1.23512
11 12 1.10168
12 13 1.06347
13 14 0.360917
14 15 0.713818
15 0 0
16 17 -0.172293
17 18 0.239709
18 19 1.45055
19 20 0.680649
20 21 1.61253
21 22 1.01737
22 23 -0.735407
23 24 1.22614
24 25 0.936807
25 26 0.204272
26 27 0.0614038
27 28 0.503435
28 29 1.52227
29 30 1.46412
30 31 -0.166141
31 16 0
32 33 1.74839
33 34 -0.176174
34 35 0.68207
35 36 -0.216908
36 37 0.723692
37 38 0.473478
38 39 0.715468
39 40 0.653297
40 41 0.978853
41 42 0.396625
42 43 1.03517
43 44 0.239488
44 45 0.588905
45 46 0.541114
46 47 -0.547931
47 32 0
48 49 1.72684
49 50 0.133034
50 51 0.821341
51 52 0.56111
52 53 0.169226
53 54 0.41317
54 55 0.319381
55 56 -0.250342
56 57 2.02175
57 58 0.519858
58 59 0.788599
59 60 1.86172
60 61 1.20016
61 62 0.120536
62 63 2.32137
63 48 0
64 65 -0.0154645
65 66 0.89431
66 67 -0.616314
67 68 0.854782
68 69 1.29484
69 70 -1.5037
70 71 -0.375012
71 72 0.944385
72 73 1.60376
73 74 -0.631073
74 75 -0.350351
75 76 1.24546
76 77 0.79529
77 78 2.35246
78 79 1.99587
79 64 0
80 81 0.0493759
81 82 0.737605
82 83 -0.493693
83 84 1.47872
84 85 0.340193
85 86 0.969232
86 87 0.712884
87 88 0.609096
88 89 0.125391
89 90 -0.106739
90 91 0.967989
91 92 1.12149
92 93 0.313928
93 94 0.420252
94 95 0.825275
95 80 0
96 97 0.135469
97 98 -0.820222
98 99 1.25791
99 100 0.0952342
100 101 2.33128
101 102 0.856959
102 103 0.250512
103 104 1.9524
104 105 0.374686
105 106 0.688963
106 107 2.19131
107 108 2.43881
108 109 1.20343
109 110 1.42259
110 111 1.69039
111 96 0
112 113 0.493174
113 114 1.78652
114 115 0.758313
115 116 2.06756
116 117 0.9048
117 118 0.920685
118 119 0.709399
119 120 2.52745
120 121 0.906876
121 122 -0.230529
122 123 -0.0753354
123 124 0.851271
124 125 0.831394
125 126 2.29388
126 127 0.971702
127 112 0
128 129 1.41529
129 130 0.620572
130 131 0.178822
131 132 -0.0426068
132 133 -0.300506
133 134 1.44918
134 135 1.91473
135 136 0.581122
136 137 0.395706
137 138 0.706041
138 139 1.66734
139 140 1.30535
140 141 1.02132
141 142 2.08503
142 143 0.121203
143 128 0
144 145 0.144114
145 146 0.58527
146 147 0.854953
147 148 -0.452146
148 149 0.415043
149 150 -0.0612173
150 151 0.580574
151 152 0.537066
152 153 -0.299943
153 154 0.231758
154 155 0.348977
155 156 -0.10097
156 157 1.72165
157 158 0.0939197
158 159 0.197828
159 144 0
160 161 0.368944
161 162 1.05532
162 163 0.152327
163 164 1.34697
164 165 -0.0238183
165 166 0.801672
166 167 0.81
167 168 0.101997
168 169 0.196684
169 170 1.16177
170 171 0.754442
171 172 -1.29331
172 173 -0.146438
173 174 0.559375
174 175 1.19091
175 160 0
176 177 1.6595
177 178 -0.110803
178 179 0.23527
179 180 -0.312301
180 181 -0.298196
181 182 0.381099
182 183 0.773707
183 184 0.538795
184 185 0.274341
185 186 0.198311
186 187 -0.447629
187 188 0.468451
188 189 0.316046
189 190 0.481224
190 191 1.10475
191 176 0
192 193 -0.415201
193 194 0.665839
194 195 0.55158
195 196 1.52642
196 197 0.374725
197 198 0.671202
198 199 0.76688
199 200 0.307184
200 201 1.06101
201 202 2.24276
202 203 0.21499
203 204 0.310712
204 205 1.69677
205 206 2.05232
206 207 0.524037
207 192 0
208 209 0.697764
209 210 0.445333
210 211 1.58576
211 212 -0.388439
212 213 0.607301
213 214 0.474322
214 215 1.49159
215 216 0.499321
216 217 -0.129725
217 218 0.228904
218 219 0.648105
219 220 1.65449
220 221 0.795246
221 222 -0.0774989
222 223 0.84656
223 208 0
224 225 0.322214
225 226 0.726076
226 227 1.98254
227 228 0.279335
228 229 1.03758
229 230 0.836593
230 231 0.572063
231 232 2.18667
232 233 1.94648
233 234 1.58424
234 235 1.72111
235 236 -0.311439
236 237 0.096098
237 238 0.533913
238 239 1.00051
239 224 0
240 241 0.769649
241 242 1.39148
242 243 0.717562
243 244 0.379581
244 245 0.773359
245 246 0.336928
246 247 0.961935
247 248 -0.393009
248 249 -0.519405
249 250 0.41504
250 251 1.81084
251 252 0.423795
252 253 0.183208
253 254 0.164543
254 255 0.958532
255 240 0
0 16 1.4328
1 17 1.59612
2 18 0.350939
3 19 0.066549
4 20 0.334959
5 21 1.28893
6 22 0.723342
7 23 0.616427
8 24 -0.655638
9 25 0.87611
10 26 1.95526
11 27 -0.0717468
12 28 0.0629238
13 29 0.821733
14 30 0.575472
15 31 1.40063
16 32 1.20383
17 33 0.737964
18 34 1.49008
19 35 1.83123
20 36 2.08159
21 37 1.19529
22 38 0.626011
23 39 0.590651
24 40 1.20893
25 41 -0.761531
26 42 0.569492
27 43 0.140576
28 44 -0.329402
29 45 0.469648
30 46 0.591704
31 47 0.410706
32 48 0.0034194
33 49 -0.0696393
34 50 0.517079
35 51 0.892899
36 52 -0.132438
37 53 0.0210061
38 54 0.32889
39 55 1.33761
40 56 0.758346
41 57 1.7375
42 58 1.95123
43 59 -0.16437
44 60 2.08205
45 61 1.51563
46 62 -0.187688
47 63 0.242653
48 64 -0.0410798
49 65 0.251118
50 66 1.26556
51 67 0.885928
52 68 -0.52946
53 69 0.524634
54 70 0.820428
55 71 1.31844
56 72 0.636415
57 73 -0.32837
58 74 1.01389
59 75 -0.538389
60 76 1.25817
61 77 0.433574
62 78 0.260144
63 79 0.773121
64 80 0.221178
65 81 1.14239
66 82 1.8362
67 83 -0.193218
68 84 0.46662
69 85 1.13102
70 86 1.31227
71 87 0.523248
72 88 -0.113019
73 89 1.07552
74 90 0.577587
75 91 0.54018
76 92 0.18607
77 93 0.515137
78 94 1.18405
79 95 -1.08256
80 96 0.594365
81 97 0.449815
82 98 1.53406
83 99 0.637294
84 100 0.513118
85 101 -0.187605
86 102 -0.0391638
87 103 1.66886
88 104 -0.154753
89 105 0.617639
90 106 0.212361
91 107 1.60014
92 108 -0.750813
93 109 -0.41905
94 110 0.0730803
95 111 0.530825
96 112 0.837788
97 113 1.82697
98 114 1.0962
99 115 0.349333
100 116 1.18285
101 117 -0.632043
102 118 0.998881
103 119 -0.515377
104 120 -0.132754
105 121 0.688016
106 122 0.258107
107 123 0.396772
108 124 -0.293764
109 125 -1.13172
110 126 1.70955
111 127 0.0271229
112 128 0.880156
113 129 0.162276
114 130 0.42336
115 131 0.335075
116 132 0.666094
117 133 0.356324
118 134 0.360656
119 135 0.808153
120 136 0.89604
121 137 -0.200129
122 138 0.976089
123 139 1.10079
124 140 -0.881816
125 141 -0.239901
126 142 1.46213
127 143 1.5913
128 144 0.307907
129 145 0.431272
130 146 0.835797
131 147 0.0024001
132 148 0.111918
133 149 1.3316
134 150 0.794899
135 151 0.828165
136 152 2.0342
137 153 0.62464
138 154 -0.467689
139 155 0.792934
140 156 -0.405037
141 157 0.843988
142 158 1.249
143 159 0.619301
144 160 3.22918
145 161 -0.182999
146 162 0.444344
147 163 -0.387148
148 164 1.08657
149 165 -0.114318
150 166 0.740622
151 167 1.61873
152 168 -0.584724
153 169 0.921412
154 170 2.13226
155 171 0.223907
156 172 1.38961
157 173 0.89013
158 174 0.360856
159 175 -0.0559736
160 176 -0.424677
161 177 1.10548
162 178 0.386394
163 179 0.393926
164 180 0.0765392
165 181 0.294642
166 182 0.538921
167 183 0.512438
168 184 0.425466
169 185 0.354374
170 186 1.44759
171 187 0.363662
172 188 0.794356
173 189 0.114621
174 190 1.46808
175 191 -0.264565
176 192 0.498148
177 193 1.88288
178 194 2.01711
179 195 0.467448
180 196 0.709747
181 197 -0.160677
182 198 0.595553
183 199 0.577279
184 200 2.01006
185 201 0.5624
186 202 1.59867
187 203 0.658054
188 204 0.211074
189 205 0.482359
190 206 -0.342002
191 207 2.00188
192 208 1.51101
193 209 0.61186
194 210 1.3731
195 211 0.581634
196 212 1.38044
197 213 -0.0833985
198 214 0.120496
199 215 1.13742
200 216 2.13702
201 217 0.991711
202 218 2.01024
203 219 0.933133
204 220 2.64529
205 221 -0.356694
206 222 0.103274
207 223 0.626593
208 224 1.74634
209 225 1.01577
210 226 -0.230451
211 227 -0.232216
212 228 -0.0385736
213 229 0.289649
214 230 -0.0453177
215 231 -0.479423
216 232 0.932969
217 233 0.753309
218 234 1.33875
219 235 0.660881
220 236 1.97825
221 237 0.66056
222 238 -0.549592
223 239 0.791504
224 240 1.49543
225 241 0.531313
226 242 0.441633
227 243 1.54993
228 244 1.47121
229 245 1.02389
230 246 -0.0276425
231 247 1.04814
232 248 1.02914
233 249 0.431308
234 250 0.79944
235 251 -0.783902
236 252 0.974645
237 253 1.78471
238 254 0.66919
239 255 0.521003
240 0 0
241 1 0
242 2 0
243 3 0
244 4 0
245 5 0
246 6 0
247 7 0
248 8 0
249 9 0
250 10 0
251 11 0
252 12 0
253 13 0
254 14 0
255 15 0
