0 1 1.6325
1 2 -0.0768783
2 3 -0.0358779
3 4 -0.062726
4 5 1.95613
5 6 0.241725
6 7 -0.197368
7 8 1.25092
8 9 0.656382
9 10 1.64373
10 11 2.31526
11 12 0.392653
12 13 0.642378
13 14 1.64661
14 15 0.0273836
15 0 0
16 17 -0.146012
17 18 1.55198
18 19 0.284457
19 20 1.11556
20 21 -0.27732
21 22 0.449041
22 23 0.0203614
23 24 0.896444
24 25 0.506854
25 26 2.26933
26 27 0.398652
27 28 0.606755
28 29 0.11348
29 30 0.596026
30 31 0.431318
31 16 0
32 33 2.47586
33 34 0.0065293
34 35 1.81778
35 36 -0.238582
36 37 1.29475
37 38 0.596475
38 39 -0.693152
39 40 0.623559
40 41 0.814952
41 42 0.0328906
42 43 -0.107545
43 44 0.543022
44 45 0.595267
45 46 0.0213945
46 47 1.82464
47 32 0
48 49 -0.463646
49 50 -0.238678
50 51 1.27422
51 52 0.731561
52 53 0.425012
53 54 0.384156
54 55 2.44847
55 56 0.430265
56 57 2.26856
57 58 1.26304
58 59 -0.52038
59 60 0.852338
60 61 -0.18551
61 62 1.00089
62 63 2.59939
63 48 0
64 65 0.565424
65 66 -0.006078
66 67 0.934411
67 68 0.552697
68 69 0.59888
69 70 0.414437
70 71 0.905496
71 72 0.244388
72 73 0.826254
73 74 0.885596
74 75 -0.153652
75 76 0.357362
76 77 0.507042
77 78 -0.0810492
78 79 0.279076
79 64 0
80 81 -0.124443
81 82 1.36519
82 83 2.41262
83 84 0.141192
84 85 0.472618
85 86 0.324297
86 87 -0.640481
87 88 1.94737
88 89 0.257756
89 90 2.95141
90 91 -0.340914
91 92 0.570757
92 93 0.379111
93 94 1.36159
94 95 -0.79376
95 80 0
96 97 0.736003
97 98 0.706252
98 99 0.571547
99 100 -0.1175
100 101 -0.209874
101 102 0.790739
102 103 2.01296
103 104 0.359428
104 105 1.09825
105 106 1.986
106 107 0.906845
107 108 1.17783
108 109 -0.476507
109 110 0.442962
110 111 1.11951
111 96 0
112 113 0.900909
113 114 0.073851
114 115 0.263292
115 116 0.271668
116 117 0.594635
117 118 -0.210427
118 119 1.42123
119 120 0.678039
120 121 1.27063
121 122 1.3226
122 123 1.29704
123 124 -0.717909
124 125 0.354985
125 126 0.421351
126 127 0.602573
127 112 0
128 129 -0.854615
129 130 0.451015
130 131 1.39842
131 132 0.831894
132 133 0.960287
133 134 0.0468321
134 135 1.43414
135 136 1.32402
136 137 0.214793
137 138 0.826735
138 139 1.55642
139 140 0.296862
140 141 0.254558
141 142 0.322775
142 143 0.368579
143 128 0
144 145 2.03242
145 146 1.12054
146 147 0.176046
147 148 0.819506
148 149 0.400507
149 150 -0.10296
150 151 1.04426
151 152 0.475404
152 153 0.807971
153 154 -0.0567893
154 155 1.35471
155 156 0.74069
156 157 1.69485
157 158 0.411326
158 159 0.33967
159 144 0
160 161 0.511213
161 162 -0.255441
162 163 0.546021
163 164 0.343979
164 165 0.119642
165 166 1.56205
166 167 0.85986
167 168 0.422792
168 169 0.62826
169 170 0.829977
170 171 0.580443
171 172 1.13379
172 173 0.298058
173 174 -0.271177
174 175 1.43874
175 160 0
176 177 0.448605
177 178 -1.00125
178 179 0.927411
179 180 0.252638
180 181 0.694378
181 182 0.784843
182 183 -0.46981
183 184 0.828438
184 185 0.311182
185 186 0.924186
186 187 -0.243713
187 188 2.36844
188 189 1.93051
189 190 2.68582
190 191 0.330621
191 176 0
192 193 1.85351
193 194 0.122042
194 195 1.3593
195 196 0.166523
196 197 0.686983
197 198 -0.062482
198 199 -0.058343
199 200 -0.198851
200 201 1.31028
201 202 1.36052
202 203 0.961162
203 204 0.739445
204 205 0.177324
205 206 0.876099
206 207 1.26553
207 192 0
208 209 1.51798
209 210 2.20146
210 211 1.28515
211 212 0.34608
212 213 0.380131
213 214 0.365546
214 215 0.17826
215 216 0.342812
216 217 0.338587
217 218 0.265541
218 219 -0.816545
219 220 0.406102
220 221 -0.275598
221 222 0.129584
222 223 0.469298
223 208 0
224 225 -0.363407
225 226 -0.521433
226 227 -0.281533
227 228 1.38118
228 229 0.70658
229 230 0.6627
230 231 0.505935
231 232 0.11263
232 233 -0.589314
233 234 -0.29741
234 235 1.27611
235 236 0.805766
236 237 -0.0712567
237 238 -0.470003
238 239 2.2963
239 224 0
240 241 0.365853
241 242 1.29753
242 243 0.714283
243 244 0.497158
244 245 -0.0055767
245 246 -0.104492
246 247 -0.04941
247 248 0.0936246
248 249 1.2067
249 250 0.683469
250 251 1.61471
251 252 0.53611
252 253 0.908265
253 254 1.75927
254 255 -0.0691689
255 240 0
0 16 0.912028
1 17 0.516545
2 18 0.232089
3 19 0.631019
4 20 0.51392
5 21 0.0764375
6 22 2.07895
7 23 -0.125748
8 24 0.174347
9 25 1.2272
10 26 -0.0729836
11 27 -0.528371
12 28 1.54668
13 29 -0.541976
14 30 2.35379
15 31 0.51807
16 32 2.34663
17 33 0.24969
18 34 0.437736
19 35 -0.297127
20 36 2.22879
21 37 0.101978
22 38 0.469889
23 39 1.24192
24 40 0.346795
25 41 1.62926
26 42 2.43164
27 43 0.180011
28 44 0.63864
29 45 0.255942
30 46 0.0485573
31 47 0.544904
32 48 0.547088
33 49 0.702035
34 50 3.42019
35 51 0.592901
36 52 0.356583
37 53 0.226204
38 54 1.87165
39 55 2.03586
40 56 1.78677
41 57 0.791781
42 58 1.17386
43 59 1.67614
44 60 0.298127
45 61 0.578205
46 62 0.519177
47 63 -0.334857
48 64 1.1235
49 65 1.10095
50 66 -0.450312
51 67 0.656757
52 68 0.0411111
53 69 0.24703
54 70 1.98963
55 71 0.0552846
56 72 -0.418202
57 73 -0.489675
58 74 1.60526
59 75 0.445333
60 76 -0.517531
61 77 0.234262
62 78 0.890599
63 79 0.92598
64 80 0.958026
65 81 0.654103
66 82 -0.28541
67 83 1.05593
68 84 0.788073
69 85 0.171733
70 86 1.13576
71 87 1.01795
72 88 -0.158688
73 89 0.253182
74 90 -0.0420073
75 91 0.184773
76 92 1.08806
77 93 1.75294
78 94 0.76184
79 95 1.38627
80 96 0.143741
81 97 0.209031
82 98 0.90357
83 99 0.252812
84 100 0.887782
85 101 0.847378
86 102 1.11284
87 103 0.301201
88 104 0.680544
89 105 1.98797
90 106 -1.26622
91 107 0.404411
92 108 0.703837
93 109 1.04818
94 110 -0.2754
95 111 1.23787
96 112 -0.742639
97 113 0.9919
98 114 0.452286
99 115 3.20946
100 116 1.93241
101 117 0.214365
102 118 0.851421
103 119 1.96415
104 120 0.779899
105 121 -0.322316
106 122 -0.627119
107 123 0.749485
108 124 0.543826
109 125 0.191539
110 126 2.03612
111 127 1.0075
112 128 0.818819
113 129 0.426382
114 130 -0.368802
115 131 0.252958
116 132 1.02781
117 133 0.742323
118 134 0.160027
119 135 0.402378
120 136 2.38753
121 137 1.02164
122 138 1.63887
123 139 0.421724
124 140 0.594653
125 141 -0.12027
126 142 -0.526848
127 143 0.953424
128 144 1.3189
129 145 1.49682
130 146 1.28008
131 147 0.443148
132 148 -0.101817
133 149 1.28087
134 150 0.347134
135 151 -0.784287
136 152 -0.523351
137 153 1.65597
138 154 0.763104
139 155 -1.14175
140 156 0.140245
141 157 0.198568
142 158 -0.0129824
143 159 1.00066
144 160 0.862275
145 161 0.627958
146 162 1.74935
147 163 -0.273765
148 164 0.536922
149 165 -0.0254821
150 166 0.917522
151 167 0.474828
152 168 1.2953
153 169 0.764954
154 170 2.41855
155 171 1.46358
156 172 -0.423458
157 173 1.33718
158 174 0.444703
159 175 1.37493
160 176 0.367573
161 177 1.43467
162 178 1.28521
163 179 -0.0758732
164 180 0.56156
165 181 1.25896
166 182 0.512104
167 183 0.73977
168 184 0.442582
169 185 0.144258
170 186 2.18616
171 187 0.904586
172 188 0.395884
173 189 0.215402
174 190 1.54416
175 191 1.04473
176 192 0.298726
177 193 0.118054
178 194 0.595354
179 195 1.41474
180 196 -0.210197
181 197 2.32341
182 198 0.734284
183 199 0.200919
184 200 -0.0925683
185 201 -0.580778
186 202 1.35963
187 203 0.892477
188 204 -0.114111
189 205 -0.459636
190 206 1.73553
191 207 -0.256749
192 208 1.58678
193 209 1.97789
194 210 0.254099
195 211 1.13726
196 212 0.614387
197 213 0.415456
198 214 0.0053355
199 215 0.319586
200 216 0.541874
201 217 0.368832
202 218 1.41
203 219 2.45591
204 220 0.436055
205 221 1.65495
206 222 1.97768
207 223 1.18566
208 224 1.48903
209 225 1.66639
210 226 1.88632
211 227 1.59624
212 228 -0.981008
213 229 1.22394
214 230 0.0577949
215 231 -0.0634086
216 232 1.21163
217 233 1.29275
218 234 1.64808
219 235 -0.247933
220 236 0.965315
221 237 1.27733
222 238 2.74095
223 239 1.66691
224 240 2.46672
225 241 0.146982
226 242 -1.06842
227 243 1.02121
228 244 0.120619
229 245 0.870623
230 246 1.64644
231 247 0.104557
232 248 2.24092
233 249 0.396193
234 250 0.815826
235 251 1.08634
236 252 0.0857077
237 253 0.363961
238 254 0.294172
239 255 0.141089
240 0 0
241 1 0
242 2 0
243 3 0
244 4 0
245 5 0
246 6 0
247 7 0
248 8 0
249 9 0
250 10 0
251 11 0
252 12 0
253 13 0
254 14 0
255 15 0
