1 2 0.401998
2 3 0.837095
3 4 1.47384
4 5 1.2452
5 6 0.116682
6 7 1.16472
7 8 -0.706913
8 9 2.0736
9 10 -0.116771
10 11 -0.0844919
11 12 0.697728
12 13 0.489687
13 14 0.503533
14 15 -0.66154
15 16 1.14624
16 1 0
17 18 0.0705184
18 19 1.50601
19 20 -0.735146
20 21 2.87431
21 22 -0.153207
22 23 0.258395
23 24 1.30828
24 25 1.37645
25 26 0.512891
26 27 1.95623
27 28 0.637585
28 29 -0.0434689
29 30 0.581336
30 31 2.07094
31 32 0.959545
32 17 0
33 34 -0.1828
34 35 1.83763
35 36 0.749678
36 37 0.153615
37 38 2.62157
38 39 0.107265
39 40 0.0625105
40 41 0.0186455
41 42 0.943661
42 43 -0.0053292
43 44 0.684827
44 45 0.491006
45 46 0.518993
46 47 0.985769
47 48 0.110923
48 33 0
49 50 2.41897
50 51 -0.48559
51 52 0.310793
52 53 0.759198
53 54 0.027228
54 55 0.939468
55 56 1.19134
56 57 1.8337
57 58 0.120516
58 59 1.09583
59 60 1.1735
60 61 0.543169
61 62 1.06881
62 63 0.16136
63 64 0.0591753
64 49 0
65 66 0.843913
66 67 1.47254
67 68 1.38762
68 69 1.51046
69 70 -0.0075627
70 71 0.691214
71 72 -0.0074089
72 73 0.149565
73 74 0.274145
74 75 -0.167509
75 76 1.46116
76 77 1.35646
77 78 0.916918
78 79 1.24692
79 80 -0.413673
80 65 0
81 82 1.72086
82 83 0.892271
83 84 0.682944
84 85 2.95408
85 86 -0.418984
86 87 0.778478
87 88 0.361121
88 89 0.319439
89 90 0.073757
90 91 1.32951
91 92 0.718917
92 93 -0.302012
93 94 0.714226
94 95 0.566883
95 96 -0.298524
96 81 0
97 98 0.379281
98 99 0.519219
99 100 0.926892
100 101 1.49448
101 102 -0.0723752
102 103 -0.855958
103 104 0.0832446
104 105 -0.389571
105 106 1.49129
106 107 -0.136966
107 108 1.00645
108 109 1.29037
109 110 0.0321469
110 111 0.302151
111 112 1.09076
112 97 0
113 114 0.208417
114 115 1.86994
115 116 0.612208
116 117 0.75175
117 118 1.59878
118 119 0.734532
119 120 0.936668
120 121 1.34226
121 122 1.80793
122 123 1.12371
123 124 0.730847
124 125 -1.02342
125 126 -0.354663
126 127 -0.440869
127 128 0.135819
128 113 0
129 130 1.16175
130 131 1.13611
131 132 -0.630139
132 133 0.684706
133 134 1.16223
134 135 0.147696
135 136 0.55013
136 137 0.533075
137 138 1.35295
138 139 1.93641
139 140 0.605516
140 141 0.585456
141 142 0.0201276
142 143 1.56933
143 144 0.0116519
144 129 0
145 146 1.80829
146 147 1.28861
147 148 1.1574
148 149 0.13025
149 150 1.4075
150 151 1.16004
151 152 -0.0756444
152 153 0.263123
153 154 1.13528
154 155 0.786535
155 156 0.36325
156 157 0.254254
157 158 1.33654
158 159 -0.214756
159 160 0.521716
160 145 0
161 162 -0.481985
162 163 -0.242697
163 164 -0.215641
164 165 0.292691
165 166 0.955782
166 167 0.530255
167 168 0.824209
168 169 0.478613
169 170 1.27671
170 171 0.672555
171 172 1.16985
172 173 0.715363
173 174 0.862846
174 175 1.45994
175 176 0.720354
176 161 0
177 178 0.293465
178 179 0.148892
179 180 0.547498
180 181 -0.0437386
181 182 0.841116
182 183 -0.169998
183 184 -0.966317
184 185 -0.548164
185 186 0.191364
186 187 0.30559
187 188 1.0521
188 189 0.48462
189 190 0.751266
190 191 1.17634
191 192 -1.20238
192 177 0
193 194 -0.532671
194 195 1.57095
195 196 0.675391
196 197 -0.01989
197 198 0.174673
198 199 1.01836
199 200 0.758801
200 201 0.718188
201 202 0.995193
202 203 0.964835
203 204 0.558225
204 205 0.212876
205 206 0.137885
206 207 1.82379
207 208 -0.085522
208 193 0
209 210 0.977048
210 211 0.719263
211 212 2.49429
212 213 0.304994
213 214 0.406681
214 215 0.378228
215 216 2.66589
216 217 0.873159
217 218 -0.048461
218 219 1.08269
219 220 0.172167
220 221 0.692989
221 222 0.270203
222 223 1.13957
223 224 0.373837
224 209 0
225 226 -1.43454
226 227 1.00017
227 228 1.28389
228 229 0.103015
229 230 2.05989
230 231 0.48416
231 232 1.0216
232 233 0.830282
233 234 0.37186
234 235 0.902172
235 236 -0.528951
236 237 1.53366
237 238 0.484898
238 239 0.816617
239 240 1.66568
240 225 0
241 242 2.37655
242 243 -0.164463
243 244 0.702747
244 245 0.397557
245 246 0.746176
246 247 1.48767
247 248 0.0740769
248 249 -0.141991
249 250 0.0066337
250 251 0.190594
251 252 0.826217
252 253 0.149031
253 254 0.0570545
254 255 -0.0223567
255 256 1.06446
256 241 0
1 17 1.24778
2 18 -0.0915768
3 19 0.939028
4 20 -0.159734
5 21 1.25083
6 22 -0.110526
7 23 2.17939
8 24 0.256095
9 25 0.822101
10 26 2.26752
11 27 0.775608
12 28 -0.0920782
13 29 1.07084
14 30 1.1413
15 31 1.60733
16 32 0.179714
17 33 0.251683
18 34 0.677737
19 35 0.373001
20 36 -0.307395
21 37 1.37728
22 38 1.25964
23 39 -0.137193
24 40 1.00528
25 41 0.378724
26 42 1.60358
27 43 1.42722
28 44 0.110498
29 45 -0.18086
30 46 0.0401431
31 47 1.41552
32 48 1.21243
33 49 0.619763
34 50 0.909929
35 51 0.816905
36 52 -0.18268
37 53 0.692588
38 54 0.942747
39 55 0.503656
40 56 -0.96135
41 57 1.61403
42 58 0.531511
43 59 -0.345305
44 60 -0.0018401
45 61 1.44799
46 62 -0.0760379
47 63 1.50877
48 64 0.48061
49 65 0.979089
50 66 1.00986
51 67 0.335839
52 68 -0.1411
53 69 1.647
54 70 0.20626
55 71 0.709159
56 72 -0.122584
57 73 0.206204
58 74 1.35856
59 75 -1.24515
60 76 0.520425
61 77 1.68996
62 78 0.666345
63 79 1.45858
64 80 0.518432
65 81 0.660087
66 82 0.560771
67 83 0.193086
68 84 1.26901
69 85 -0.0235615
70 86 -0.0695636
71 87 0.618782
72 88 2.52228
73 89 1.63036
74 90 -0.0659975
75 91 0.369837
76 92 0.319653
77 93 0.123126
78 94 0.55108
79 95 1.02627
80 96 0.794773
81 97 1.20737
82 98 -1.27595
83 99 0.876209
84 100 1.55548
85 101 0.641487
86 102 2.00134
87 103 1.01118
88 104 0.904083
89 105 -0.0455724
90 106 0.573883
91 107 0.001692
92 108 1.13091
93 109 0.296289
94 110 0.624837
95 111 0.581224
96 112 1.44434
97 113 0.405674
98 114 1.12392
99 115 -0.377589
100 116 1.63287
101 117 0.369054
102 118 0.932088
103 119 0.0299369
104 120 1.20251
105 121 0.94588
106 122 0.0790756
107 123 -0.0271335
108 124 0.930199
109 125 0.310883
110 126 0.983433
111 127 -0.529774
112 128 0.0832338
113 129 0.378361
114 130 0.544941
115 131 1.42907
116 132 0.696132
117 133 -0.529186
118 134 1.25665
119 135 0.494275
120 136 0.525041
121 137 -0.523111
122 138 -0.0901155
123 139 1.15475
124 140 0.294083
125 141 2.34849
126 142 1.66833
127 143 1.0445
128 144 0.0843581
129 145 0.657151
130 146 1.27899
131 147 1.49439
132 148 1.2436
133 149 -0.67702
134 150 0.0917647
135 151 0.773532
136 152 1.19748
137 153 0.157398
138 154 -0.239427
139 155 0.750162
140 156 0.905088
141 157 1.06424
142 158 1.27487
143 159 0.0070215
144 160 0.565625
145 161 0.99821
146 162 0.623496
147 163 1.28327
148 164 0.0073193
149 165 -0.168382
150 166 0.845686
151 167 0.302132
152 168 0.16782
153 169 1.73183
154 170 1.99161
155 171 -0.09115
156 172 0.287865
157 173 1.1809
158 174 0.0128661
159 175 0.255907
160 176 0.105308
161 177 0.125648
162 178 0.147333
163 179 1.00171
164 180 0.254665
165 181 -0.345971
166 182 2.5448
167 183 1.90868
168 184 -0.111526
169 185 1.06356
170 186 0.772329
171 187 1.60472
172 188 1.56044
173 189 0.795108
174 190 0.415104
175 191 0.206888
176 192 1.39376
177 193 1.19633
178 194 0.502151
179 195 0.288286
180 196 -0.0936763
181 197 0.258248
182 198 0.774533
183 199 -0.158593
184 200 1.7073
185 201 -0.199215
186 202 1.68026
187 203 -0.48569
188 204 -0.611354
189 205 1.6223
190 206 1.88506
191 207 1.82916
192 208 0.76263
193 209 0.120781
194 210 -0.852563
195 211 0.618952
196 212 1.18416
197 213 0.123866
198 214 0.211996
199 215 -0.0218487
200 216 1.58741
201 217 2.60196
202 218 0.858389
203 219 0.240043
204 220 0.729402
205 221 1.62591
206 222 0.547051
207 223 -0.41482
208 224 2.09688
209 225 0.610847
210 226 0.423983
211 227 0.668209
212 228 0.820237
213 229 0.777042
214 230 1.30495
215 231 1.33406
216 232 0.672132
217 233 -0.154223
218 234 1.24284
219 235 0.92423
220 236 -0.0768229
221 237 0.0766363
222 238 0.810362
223 239 -0.189278
224 240 1.99634
225 241 2.11812
226 242 1.84407
227 243 1.03165
228 244 0.838337
229 245 0.102066
230 246 -0.326483
231 247 0.491726
232 248 0.13431
233 249 0.643328
234 250 0.377654
235 251 1.77968
236 252 1.74714
237 253 0.505406
238 254 0.918052
239 255 2.61465
240 256 0.48911
241 1 0
242 2 0
243 3 0
244 4 0
245 5 0
246 6 0
247 7 0
248 8 0
249 9 0
250 10 0
251 11 0
252 12 0
253 13 0
254 14 0
255 15 0
256 16 0
