0 1 -0.124327
1 2 0.847494
2 3 1.16766
3 4 0.435272
4 5 0.350715
5 6 0.16379
6 7 0.849029
7 8 0.256809
8 9 -0.235381
9 10 1.59002
10 11 2.29376
11 12 -0.377549
12 13 0.840357
13 14 0.0665062
14 15 0.861194
15 0 0
16 17 1.1017
17 18 -0.417013
18 19 -0.287935
19 20 2.01497
20 21 1.45406
21 22 -0.797355
22 23 0.0149272
23 24 -0.116235
24 25 0.718594
25 26 1.01805
26 27 0.976759
27 28 0.0481266
28 29 1.78221
29 30 1.38349
30 31 -0.233411
31 16 0
32 33 -0.463802
33 34 1.52144
34 35 1.03723
35 36 1.29913
36 37 0.989044
37 38 0.930274
38 39 0.0143873
39 40 0.506764
40 41 -0.431179
41 42 2.03284
42 43 0.0376269
43 44 2.87714
44 45 0.0448142
45 46 0.934134
46 47 0.445469
47 32 0
48 49 1.55566
49 50 0.428167
50 51 0.069354
51 52 0.718955
52 53 2.07357
53 54 0.850446
54 55 1.14719
55 56 0.694646
56 57 -0.221119
57 58 1.50028
58 59 1.36051
59 60 -0.217977
60 61 0.111736
61 62 -0.845212
62 63 0.746272
63 48 0
64 65 0.896883
65 66 2.28416
66 67 1.33702
67 68 -0.497457
68 69 0.613462
69 70 -0.302946
70 71 -1.40118
71 72 1.4178
72 73 2.15237
73 74 0.270835
74 75 -0.10203
75 76 0.875504
76 77 1.04424
77 78 1.55571
78 79 -0.304074
79 64 0
80 81 0.877635
81 82 -0.0374233
82 83 0.749406
83 84 1.61526
84 85 0.803539
85 86 0.565104
86 87 0.966951
87 88 0.956739
88 89 0.250249
89 90 -0.656667
90 91 2.23581
91 92 1.44696
92 93 0.991652
93 94 -0.304286
94 95 0.0835921
95 80 0
96 97 0.788016
97 98 1.30607
98 99 1.16153
99 100 -0.144719
100 101 0.647008
101 102 -0.0885881
102 103 -0.0641314
103 104 1.04914
104 105 -0.626988
105 106 0.196684
106 107 0.301743
107 108 -0.611513
108 109 1.33427
109 110 -0.25652
110 111 0.211644
111 96 0
112 113 0.518171
113 114 0.733922
114 115 1.7963
115 116 0.719572
116 117 -0.453481
117 118 0.520102
118 119 0.39474
119 120 0.0300474
120 121 0.215509
121 122 0.526785
122 123 0.723043
123 124 1.61254
124 125 0.866472
125 126 1.1848
126 127 0.585809
127 112 0
128 129 1.4886
129 130 0.852361
130 131 -0.849507
131 132 0.760676
132 133 2.60625
133 134 0.974632
134 135 0.11813
135 136 0.214034
136 137 1.03424
137 138 2.2929
138 139 -0.284696
139 140 0.046939
140 141 1.19356
141 142 1.63176
142 143 1.0175
143 128 0
144 145 1.70796
145 146 0.979566
146 147 0.0628843
147 148 0.621972
148 149 0.0528726
149 150 1.27913
150 151 -0.952471
151 152 1.55803
152 153 -0.409499
153 154 0.895652
154 155 2.18328
155 156 1.51215
156 157 0.593606
157 158 -0.788569
158 159 2.12392
159 144 0
160 161 -0.0742934
161 162 0.114345
162 163 2.09566
163 164 1.1386
164 165 0.867021
165 166 0.0725755
166 167 0.497743
167 168 0.690064
168 169 -0.429382
169 170 1.14046
170 171 -0.0905108
171 172 0.168835
172 173 0.0513592
173 174 -0.562148
174 175 0.3776
175 160 0
176 177 -0.0456187
177 178 0.18402
178 179 -0.954949
179 180 1.53161
180 181 -0.452528
181 182 -0.169297
182 183 0.202922
183 184 0.913853
184 185 0.749233
185 186 -0.400915
186 187 0.260867
187 188 0.514517
188 189 -0.666233
189 190 0.710385
190 191 0.411074
191 176 0
192 193 0.934347
193 194 1.51172
194 195 1.58738
195 196 0.780934
196 197 1.4278
197 198 1.05263
198 199 -0.744106
199 200 -0.0201086
200 201 0.640182
201 202 1.70256
202 203 0.105535
203 204 1.30363
204 205 1.59377
205 206 -0.509244
206 207 1.48917
207 192 0
208 209 1.0827
209 210 1.12234
210 211 -0.0866788
211 212 0.757853
212 213 0.555585
213 214 0.0722618
214 215 1.55287
215 216 -0.234519
216 217 -0.564498
217 218 0.711799
218 219 0.256099
219 220 2.83237
220 221 -0.0016107
221 222 0.0959141
222 223 -0.0554385
223 208 0
224 225 0.645784
225 226 -0.439696
226 227 0.06528
227 228 2.66549
228 229 0.318974
229 230 1.66667
230 231 0.168538
231 232 2.82739
232 233 0.453933
233 234 1.13036
234 235 0.45839
235 236 -0.280858
236 237 1.8731
237 238 2.18975
238 239 0.725302
239 224 0
240 241 1.5447
241 242 1.22734
242 243 -0.409705
243 244 1.01805
244 245 0.533888
245 246 1.40806
246 247 1.61274
247 248 1.10075
248 249 -0.0620873
249 250 0.339823
250 251 0.181564
251 252 2.05885
252 253 -0.0027961
253 254 0.889672
254 255 0.716292
255 240 0
0 16 0.800618
1 17 2.01117
2 18 1.02148
3 19 -0.207387
4 20 -0.426004
5 21 1.08423
6 22 0.855632
7 23 1.1344
8 24 1.14404
9 25 1.25587
10 26 0.7812
11 27 -0.660963
12 28 1.35974
13 29 0.161748
14 30 1.45516
15 31 0.418866
16 32 -0.551887
17 33 0.983195
18 34 0.429299
19 35 -0.508536
20 36 0.184236
21 37 1.55803
22 38 0.995854
23 39 0.652048
24 40 0.460693
25 41 1.15313
26 42 0.128142
27 43 -0.267027
28 44 0.418898
29 45 0.812629
30 46 0.009578
31 47 0.24737
32 48 1.14091
33 49 2.05023
34 50 2.24449
35 51 -0.31026
36 52 2.39468
37 53 0.701537
38 54 0.192619
39 55 -0.32797
40 56 -0.0350638
41 57 1.56927
42 58 -0.658955
43 59 -0.0567818
44 60 1.66087
45 61 1.33268
46 62 1.00848
47 63 2.60894
48 64 0.388108
49 65 -1.04752
50 66 1.26478
51 67 0.879293
52 68 2.22225
53 69 1.12074
54 70 1.43602
55 71 0.382535
56 72 0.557983
57 73 0.85193
58 74 -0.791193
59 75 2.00568
60 76 1.06156
61 77 -0.0569772
62 78 0.872888
63 79 1.27603
64 80 -0.16301
65 81 0.666593
66 82 0.480926
67 83 0.902422
68 84 0.551161
69 85 -0.27025
70 86 1.23827
71 87 1.88637
72 88 0.247518
73 89 1.15021
74 90 1.07969
75 91 1.16311
76 92 1.27226
77 93 -0.616179
78 94 0.22652
79 95 -0.323643
80 96 0.993145
81 97 1.15643
82 98 0.057621
83 99 -0.171984
84 100 1.48309
85 101 -0.248698
86 102 0.451079
87 103 0.540891
88 104 -0.212381
89 105 0.0278816
90 106 0.886627
91 107 0.779792
92 108 0.675327
93 109 0.71644
94 110 0.777134
95 111 0.665853
96 112 1.29248
97 113 0.418554
98 114 0.327646
99 115 -0.686743
100 116 0.739798
101 117 0.155182
102 118 1.61935
103 119 0.6236
104 120 0.260961
105 121 0.550756
106 122 0.33042
107 123 1.13885
108 124 0.161795
109 125 0.717131
110 126 0.596038
111 127 0.44358
112 128 -0.768567
113 129 0.796912
114 130 0.993365
115 131 0.802409
116 132 1.71601
117 133 2.41058
118 134 -0.544587
119 135 0.804262
120 136 0.516826
121 137 1.23814
122 138 0.60542
123 139 0.586249
124 140 0.99816
125 141 1.72297
126 142 0.81417
127 143 -0.340587
128 144 0.234366
129 145 1.16354
130 146 0.302152
131 147 1.63407
132 148 1.87993
133 149 1.70458
134 150 0.400981
135 151 1.73296
136 152 0.617939
137 153 0.379685
138 154 0.892431
139 155 1.23249
140 156 0.955041
141 157 0.894036
142 158 1.03212
143 159 1.09221
144 160 -0.316775
145 161 1.60633
146 162 -0.205285
147 163 0.199258
148 164 -0.01349
149 165 1.15027
150 166 1.47124
151 167 2.37288
152 168 -0.0330801
153 169 0.804844
154 170 -0.228526
155 171 0.669622
156 172 -0.0923512
157 173 2.31542
158 174 0.590168
159 175 0.0711593
160 176 0.994241
161 177 1.33583
162 178 0.750008
163 179 1.07303
164 180 -1.01457
165 181 0.554949
166 182 0.903465
167 183 1.50793
168 184 1.35579
169 185 1.01085
170 186 -0.0600751
171 187 1.43507
172 188 0.438358
173 189 0.0110229
174 190 0.353258
175 191 -0.325753
176 192 0.527726
177 193 1.20469
178 194 1.48719
179 195 1.32885
180 196 0.408311
181 197 0.84408
182 198 0.355761
183 199 0.881574
184 200 2.14917
185 201 0.26662
186 202 0.544318
187 203 1.27422
188 204 0.579473
189 205 1.36682
190 206 0.0921978
191 207 0.209893
192 208 1.63863
193 209 -0.83234
194 210 1.36751
195 211 1.08971
196 212 0.21173
197 213 0.746862
198 214 0.881613
199 215 1.06824
200 216 0.744496
201 217 0.859803
202 218 -0.224507
203 219 -0.206987
204 220 0.354155
205 221 0.389348
206 222 -0.0999176
207 223 1.35723
208 224 0.23121
209 225 0.546189
210 226 0.677101
211 227 0.520241
212 228 -0.0181726
213 229 0.514474
214 230 -0.353712
215 231 0.433196
216 232 0.590331
217 233 0.202939
218 234 0.541789
219 235 0.615162
220 236 3.60875
221 237 1.22081
222 238 1.32971
223 239 1.007
224 240 0.832878
225 241 0.626282
226 242 1.7715
227 243 1.71593
228 244 -0.802822
229 245 1.54657
230 246 0.180521
231 247 0.289367
232 248 0.080081
233 249 1.59897
234 250 1.33989
235 251 1.86149
236 252 -0.304497
237 253 -0.168482
238 254 0.858572
239 255 0.100058
240 0 0
241 1 0
242 2 0
243 3 0
244 4 0
245 5 0
246 6 0
247 7 0
248 8 0
249 9 0
250 10 0
251 11 0
252 12 0
253 13 0
254 14 0
255 15 0
