1 2 0.733154
2 3 0.392519
3 4 1.80657
4 5 -0.335164
5 6 2.17612
6 7 -0.989219
7 8 1.50849
8 9 0.333177
9 10 0.0673566
10 11 0.653185
11 12 0.292365
12 13 1.51936
13 14 0.658477
14 15 2.0769
15 16 0.472762
16 1 0
17 18 0.565717
18 19 0.270628
19 20 1.28119
20 21 0.716725
21 22 0.412967
22 23 0.206638
23 24 0.0786844
24 25 1.208
25 26 -0.317577
26 27 -0.199584
27 28 1.21683
28 29 0.305816
29 30 0.0423533
30 31 1.03652
31 32 1.3698
32 17 0
33 34 0.970192
34 35 1.97211
35 36 0.844563
36 37 0.564295
37 38 0.323393
38 39 1.53801
39 40 0.88218
40 41 1.5095
41 42 0.710969
42 43 0.237653
43 44 -0.276814
44 45 0.650583
45 46 1.17985
46 47 0.574443
47 48 0.490494
48 33 0
49 50 1.16977
50 51 0.824665
51 52 0.33651
52 53 0.272598
53 54 0.542775
54 55 0.120071
55 56 0.368769
56 57 0.22387
57 58 0.976069
58 59 0.356725
59 60 0.463842
60 61 -0.216676
61 62 -0.622014
62 63 0.11054
63 64 0.553001
64 49 0
65 66 0.801607
66 67 0.421939
67 68 -0.119087
68 69 1.27533
69 70 1.30707
70 71 1.36183
71 72 0.425703
72 73 0.403521
73 74 -0.0335346
74 75 -0.247826
75 76 0.30489
76 77 0.836869
77 78 0.545417
78 79 0.0702097
79 80 0.931304
80 65 0
81 82 1.32922
82 83 1.35877
83 84 0.182763
84 85 0.306832
85 86 1.44188
86 87 1.08786
87 88 -0.727597
88 89 0.789346
89 90 1.9332
90 91 0.720761
91 92 1.24417
92 93 -0.0293914
93 94 1.24726
94 95 1.20045
95 96 1.56828
96 81 0
97 98 1.35588
98 99 -0.440309
99 100 0.464366
100 101 1.75442
101 102 0.576578
102 103 0.0284116
103 104 0.445168
104 105 1.66027
105 106 0.295296
106 107 -0.154254
107 108 0.539724
108 109 0.613002
109 110 2.10754
110 111 0.753954
111 112 1.2681
112 97 0
113 114 0.416594
114 115 1.01957
115 116 0.23875
116 117 0.128076
117 118 0.552334
118 119 0.996213
119 120 0.469938
120 121 -0.252629
121 122 -0.203019
122 123 0.805678
123 124 -0.0671444
124 125 0.130326
125 126 1.31065
126 127 0.742227
127 128 0.805062
128 113 0
129 130 1.1355
130 131 -0.34053
131 132 0.669745
132 133 -0.39548
133 134 0.485783
134 135 0.870425
135 136 1.01783
136 137 0.0420661
137 138 1.25586
138 139 -0.684131
139 140 1.14152
140 141 -0.129701
141 142 0.508791
142 143 1.66077
143 144 0.827115
144 129 0
145 146 2.28977
146 147 2.76329
147 148 1.65258
148 149 1.83843
149 150 -1.20863
150 151 0.57893
151 152 1.19075
152 153 1.09514
153 154 1.8986
154 155 1.53068
155 156 1.23793
156 157 1.45135
157 158 0.969528
158 159 0.52643
159 160 0.281583
160 145 0
161 162 0.69373
162 163 0.603729
163 164 0.687352
164 165 -0.387102
165 166 0.29538
166 167 1.4408
167 168 -0.776434
168 169 0.467806
169 170 2.58012
170 171 0.621331
171 172 0.439206
172 173 -0.687705
173 174 -0.404494
174 175 0.325506
175 176 0.473457
176 161 0
177 178 2.12333
178 179 0.662946
179 180 0.944474
180 181 0.774336
181 182 0.536061
182 183 1.25756
183 184 0.385214
184 185 0.0462828
185 186 -0.349554
186 187 0.188258
187 188 0.229181
188 189 0.731559
189 190 1.74443
190 191 1.11271
191 192 0.346414
192 177 0
193 194 -0.392772
194 195 0.415457
195 196 1.42031
196 197 1.24939
197 198 -0.65526
198 199 0.452382
199 200 0.790007
200 201 0.297052
201 202 1.06526
202 203 0.205382
203 204 0.804965
204 205 -0.0455847
205 206 0.075658
206 207 0.227494
207 208 1.26876
208 193 0
209 210 -0.77571
210 211 1.71156
211 212 0.0712846
212 213 0.0199952
213 214 -0.144863
214 215 0.580795
215 216 1.4097
216 217 1.23379
217 218 1.06473
218 219 1.24569
219 220 0.487547
220 221 0.943211
221 222 1.84467
222 223 1.18534
223 224 -0.615027
224 209 0
225 226 1.18088
226 227 1.19706
227 228 0.51169
228 229 0.414316
229 230 0.261628
230 231 -0.606255
231 232 1.3925
232 233 0.637984
233 234 0.662992
234 235 0.212069
235 236 0.580325
236 237 1.46015
237 238 1.58876
238 239 1.31479
239 240 0.513565
240 225 0
241 242 1.41615
242 243 -0.941531
243 244 1.82949
244 245 2.17223
245 246 -0.065962
246 247 0.711837
247 248 0.28493
248 249 -0.78709
249 250 1.48712
250 251 0.720489
251 252 1.4506
252 253 -0.65012
253 254 2.28586
254 255 -0.117378
255 256 0.539343
256 241 0
1 17 -0.430562
2 18 0.488451
3 19 0.365245
4 20 0.29021
5 21 1.31391
6 22 0.236244
7 23 1.38191
8 24 0.208045
9 25 0.48962
10 26 0.804635
11 27 1.15503
12 28 0.597493
13 29 1.33071
14 30 -0.791566
15 31 -0.0132508
16 32 1.37057
17 33 -0.0327317
18 34 0.949247
19 35 0.0909565
20 36 1.16379
21 37 1.51963
22 38 1.87768
23 39 0.866228
24 40 2.26782
25 41 0.806216
26 42 1.12037
27 43 0.162983
28 44 1.70289
29 45 1.19201
30 46 0.427084
31 47 1.22614
32 48 1.35196
33 49 1.09737
34 50 0.685884
35 51 0.0156188
36 52 -0.368647
37 53 0.920781
38 54 1.07887
39 55 1.92434
40 56 1.0263
41 57 0.326977
42 58 -0.287257
43 59 0.645301
44 60 0.426116
45 61 0.200235
46 62 0.155825
47 63 -0.511572
48 64 1.4707
49 65 -0.23724
50 66 0.103917
51 67 0.759886
52 68 0.971269
53 69 -0.653369
54 70 0.835414
55 71 0.216425
56 72 1.20278
57 73 0.420531
58 74 1.5159
59 75 1.96085
60 76 1.02622
61 77 1.47225
62 78 0.617495
63 79 1.66825
64 80 -0.589557
65 81 1.32688
66 82 -0.146091
67 83 1.50832
68 84 1.75738
69 85 -0.641041
70 86 0.346137
71 87 -0.0722043
72 88 0.219802
73 89 0.468496
74 90 -0.521553
75 91 0.0253696
76 92 -0.245807
77 93 1.10122
78 94 0.276334
79 95 1.24341
80 96 -0.154658
81 97 2.28855
82 98 2.14851
83 99 0.198111
84 100 0.559569
85 101 2.01905
86 102 -0.29435
87 103 1.1514
88 104 0.11291
89 105 0.384206
90 106 1.42022
91 107 -0.57398
92 108 0.908927
93 109 0.136611
94 110 0.179381
95 111 0.602777
96 112 -0.325174
97 113 1.51195
98 114 0.482487
99 115 0.848712
100 116 -0.0188646
101 117 1.24749
102 118 0.30668
103 119 -0.258214
104 120 1.02833
105 121 1.8256
106 122 0.608019
107 123 1.67107
108 124 0.611516
109 125 -0.421047
110 126 0.0588846
111 127 0.448431
112 128 -0.0558775
113 129 1.91541
114 130 0.26453
115 131 0.872252
116 132 1.02614
117 133 0.632425
118 134 -0.0637244
119 135 0.837995
120 136 0.973761
121 137 0.292769
122 138 0.886438
123 139 0.485182
124 140 1.8229
125 141 1.04763
126 142 1.21337
127 143 -0.607134
128 144 0.543583
129 145 0.483076
130 146 1.33317
131 147 -0.603915
132 148 0.903433
133 149 1.50854
134 150 0.0613485
135 151 2.06883
136 152 0.250846
137 153 0.0495677
138 154 1.42078
139 155 1.83671
140 156 0.427977
141 157 0.467869
142 158 0.538305
143 159 -1.43818
144 160 1.23237
145 161 -0.225574
146 162 2.14279
147 163 0.0386649
148 164 1.67679
149 165 1.07934
150 166 1.40356
151 167 1.37796
152 168 1.25605
153 169 1.35438
154 170 0.600866
155 171 0.365097
156 172 0.708051
157 173 0.903897
158 174 1.61843
159 175 0.892739
160 176 0.413387
161 177 1.83381
162 178 0.296023
163 179 -0.0329912
164 180 -0.0429726
165 181 -0.0759025
166 182 0.457406
167 183 0.345711
168 184 1.39445
169 185 0.735208
170 186 1.70455
171 187 0.303875
172 188 1.38675
173 189 1.77945
174 190 1.58532
175 191 1.4098
176 192 0.646714
177 193 1.34676
178 194 1.42011
179 195 -0.229634
180 196 1.51831
181 197 0.734121
182 198 0.868572
183 199 -1.03332
184 200 1.43613
185 201 0.517925
186 202 0.217763
187 203 0.964881
188 204 0.507481
189 205 0.808565
190 206 0.642885
191 207 0.373346
192 208 1.78849
193 209 0.989857
194 210 0.57758
195 211 0.727651
196 212 0.430556
197 213 0.251084
198 214 1.60343
199 215 1.29893
200 216 -0.335873
201 217 0.736449
202 218 -0.949675
203 219 0.908555
204 220 1.48115
205 221 1.35409
206 222 -0.0698703
207 223 0.975563
208 224 2.6599
209 225 2.28407
210 226 -0.146815
211 227 -0.108034
212 228 -0.0681803
213 229 0.373911
214 230 -0.0377761
215 231 0.650939
216 232 1.32758
217 233 0.37154
218 234 0.0486411
219 235 0.271429
220 236 -0.0022824
221 237 0.355012
222 238 -0.363746
223 239 0.819528
224 240 -0.258664
225 241 0.308601
226 242 1.55437
227 243 1.24395
228 244 0.359259
229 245 1.27088
230 246 1.5486
231 247 1.43403
232 248 1.23507
233 249 1.13052
234 250 0.388173
235 251 -0.9719
236 252 1.34188
237 253 1.84152
238 254 2.2705
239 255 1.74565
240 256 0.994059
241 1 0
242 2 0
243 3 0
244 4 0
245 5 0
246 6 0
247 7 0
248 8 0
249 9 0
250 10 0
251 11 0
252 12 0
253 13 0
254 14 0
255 15 0
256 16 0
