0 1 0.815345
1 2 -0.51156
2 3 1.14527
3 4 0.583979
4 5 1.36522
5 6 0.913246
6 7 1.20686
7 8 0.814738
8 9 0.594444
9 10 -0.0161505
10 11 1.83331
11 12 1.3539
12 13 0.336571
13 14 1.18942
14 15 1.13674
15 0 0
16 17 1.77297
17 18 1.32326
18 19 1.03214
19 20 1.32907
20 21 2.06338
21 22 0.3389
22 23 1.85727
23 24 0.978946
24 25 -0.347019
25 26 1.45798
26 27 0.194467
27 28 0.225131
28 29 -0.0834705
29 30 -0.810724
30 31 0.492538
31 16 0
32 33 1.03574
33 34 -1.21237
34 35 2.23839
35 36 0.224319
36 37 1.19024
37 38 0.389479
38 39 2.32743
39 40 1.12554
40 41 -0.184492
41 42 0.257586
42 43 1.62681
43 44 0.345665
44 45 0.255516
45 46 0.325224
46 47 0.375806
47 32 0
48 49 2.21808
49 50 0.965543
50 51 -0.465285
51 52 0.899552
52 53 0.240167
53 54 -0.337505
54 55 1.42164
55 56 0.255876
56 57 -0.322182
57 58 -0.436728
58 59 1.94262
59 60 1.21368
60 61 1.16671
61 62 -0.0589211
62 63 0.288087
63 48 0
64 65 0.135282
65 66 1.75072
66 67 1.25487
67 68 0.663832
68 69 0.873435
69 70 0.708707
70 71 0.344403
71 72 -0.316498
72 73 0.672754
73 74 -0.569895
74 75 0.063831
75 76 0.357586
76 77 0.698405
77 78 0.685297
78 79 1.11106
79 64 0
80 81 0.0495918
81 82 0.903572
82 83 0.567589
83 84 0.389545
84 85 0.266703
85 86 0.347802
86 87 0.950379
87 88 -0.0439334
88 89 0.653748
89 90 0.688862
90 91 0.551444
91 92 0.0092294
92 93 0.666073
93 94 0.142913
94 95 0.430461
95 80 0
96 97 0.709922
97 98 0.501893
98 99 0.155106
99 100 1.0229
100 101 1.48727
101 102 1.42901
102 103 1.43119
103 104 0.374166
104 105 1.0286
105 106 1.62425
106 107 0.132772
107 108 0.696313
108 109 -1.31333
109 110 1.19827
110 111 1.71515
111 96 0
112 113 0.764416
113 114 -0.209735
114 115 0.52774
115 116 1.84194
116 117 0.304695
117 118 0.63335
118 119 2.5232
119 120 0.355022
120 121 0.540437
121 122 1.61721
122 123 0.177417
123 124 0.634655
124 125 0.567535
125 126 0.228239
126 127 0.786193
127 112 0
128 129 0.976016
129 130 0.572866
130 131 0.747085
131 132 -0.144507
132 133 0.955134
133 134 -0.693517
134 135 0.125324
135 136 -0.135525
136 137 -0.277857
137 138 2.55801
138 139 0.0788288
139 140 0.955834
140 141 1.51658
141 142 -0.6572
142 143 0.624445
143 128 0
144 145 0.564278
145 146 1.70071
146 147 0.547534
147 148 0.459447
148 149 0.727346
149 150 1.58867
150 151 1.02424
151 152 1.76574
152 153 -0.405799
153 154 0.322361
154 155 0.208254
155 156 0.981272
156 157 1.28531
157 158 0.548757
158 159 0.336468
159 144 0
160 161 0.612693
161 162 0.586771
162 163 0.362565
163 164 2.67274
164 165 0.743115
165 166 -0.99552
166 167 0.0723155
167 168 0.497768
168 169 1.66999
169 170 2.28021
170 171 0.522
171 172 0.660093
172 173 0.355033
173 174 0.215485
174 175 -0.153122
175 160 0
176 177 2.41742
177 178 1.60177
178 179 0.910473
179 180 0.202312
180 181 1.3224
181 182 0.562035
182 183 -0.518753
183 184 -0.207528
184 185 -0.228349
185 186 1.56679
186 187 0.864308
187 188 -0.0510812
188 189 0.887975
189 190 1.3172
190 191 0.369717
191 176 0
192 193 -1.16455
193 194 0.502316
194 195 0.930333
195 196 1.33541
196 197 0.330191
197 198 -0.592033
198 199 0.382726
199 200 0.925584
200 201 0.540953
201 202 1.19794
202 203 -0.498841
203 204 1.04503
204 205 0.233614
205 206 0.666026
206 207 0.935522
207 192 0
208 209 0.596393
209 210 0.309357
210 211 0.673252
211 212 -0.17129
212 213 1.13662
213 214 1.39334
214 215 1.24515
215 216 0.211872
216 217 0.706439
217 218 -0.339415
218 219 0.0309503
219 220 0.827312
220 221 1.00174
221 222 2.49041
222 223 1.86435
223 208 0
224 225 0.345309
225 226 0.740177
226 227 3.17304
227 228 -0.719958
228 229 1.5746
229 230 1.14607
230 231 0.738935
231 232 1.27438
232 233 1.73592
233 234 1.06936
234 235 2.53081
235 236 0.571517
236 237 0.190626
237 238 1.28019
238 239 0.39793
239 224 0
240 241 -0.122711
241 242 1.95312
242 243 1.02659
243 244 1.10207
244 245 -0.0132479
245 246 0.220032
246 247 1.78757
247 248 0.289414
248 249 0.977094
249 250 0.590048
250 251 1.49187
251 252 -0.0694488
252 253 1.9243
253 254 1.25496
254 255 1.44205
255 240 0
0 16 0.23714
1 17 1.97039
2 18 -0.326807
3 19 0.501584
4 20 0.114257
5 21 0.248451
6 22 0.0373601
7 23 0.369031
8 24 0.314117
9 25 2.39524
10 26 2.18318
11 27 1.28811
12 28 0.761053
13 29 0.425609
14 30 0.311876
15 31 2.0823
16 32 1.24247
17 33 -0.482427
18 34 0.393801
19 35 0.126773
20 36 0.0990634
21 37 0.766363
22 38 -0.15954
23 39 -0.832076
24 40 0.686078
25 41 0.656418
26 42 2.25473
27 43 0.470209
28 44 0.254512
29 45 0.613253
30 46 0.413961
31 47 2.22363
32 48 0.692553
33 49 0.866017
34 50 1.3331
35 51 0.429028
36 52 2.5085
37 53 -0.0055774
38 54 0.0342445
39 55 0.969836
40 56 0.186513
41 57 0.989379
42 58 0.578504
43 59 1.20321
44 60 0.182262
45 61 0.53203
46 62 0.581253
47 63 0.0471037
48 64 0.458677
49 65 1.65279
50 66 0.584829
51 67 -0.0361476
52 68 0.249998
53 69 0.672296
54 70 1.11287
55 71 0.908528
56 72 0.75657
57 73 2.06829
58 74 0.980896
59 75 0.188135
60 76 1.54334
61 77 -0.353723
62 78 0.674323
63 79 0.502597
64 80 2.14232
65 81 -0.0221797
66 82 -0.498004
67 83 0.715633
68 84 0.503
69 85 0.917521
70 86 1.47226
71 87 0.201945
72 88 0.463699
73 89 0.958816
74 90 1.02121
75 91 0.831028
76 92 0.0646297
77 93 -0.580665
78 94 -0.0958997
79 95 0.451751
80 96 1.22432
81 97 0.64631
82 98 0.738943
83 99 -0.110912
84 100 0.402719
85 101 1.13651
86 102 2.43157
87 103 0.748328
88 104 1.60416
89 105 0.633929
90 106 -0.427822
91 107 0.730088
92 108 1.55957
93 109 0.986066
94 110 0.197305
95 111 1.8388
96 112 1.07109
97 113 0.056875
98 114 2.82098
99 115 1.50772
100 116 0.451543
101 117 0.817487
102 118 -0.681203
103 119 0.667427
104 120 -0.459349
105 121 0.581107
106 122 -0.500346
107 123 0.95368
108 124 0.69248
109 125 1.9369
110 126 1.5765
111 127 -0.0147267
112 128 0.31175
113 129 -0.201814
114 130 0.878945
115 131 1.59735
116 132 -0.52926
117 133 1.17706
118 134 0.45372
119 135 0.276989
120 136 0.768268
121 137 1.54604
122 138 0.107876
123 139 1.66254
124 140 -0.167952
125 141 0.586796
126 142 1.46113
127 143 0.0273933
128 144 0.0009106
129 145 2.40939
130 146 -0.136778
131 147 0.40508
132 148 0.62216
133 149 1.22902
134 150 0.925425
135 151 -0.186126
136 152 0.320504
137 153 0.0037067
138 154 0.0371928
139 155 1.04602
140 156 0.634331
141 157 -0.494645
142 158 0.95301
143 159 1.88592
144 160 1.22178
145 161 0.992847
146 162 0.213813
147 163 -0.66041
148 164 0.654271
149 165 0.576066
150 166 1.01912
151 167 0.408393
152 168 0.134118
153 169 0.580625
154 170 0.356954
155 171 -0.118678
156 172 1.18246
157 173 0.813307
158 174 0.0097085
159 175 0.257947
160 176 0.448715
161 177 -0.432423
162 178 1.70209
163 179 1.02854
164 180 -0.728464
165 181 0.507795
166 182 -0.035222
167 183 0.705825
168 184 0.858566
169 185 0.0416645
170 186 0.478411
171 187 0.556731
172 188 -0.159878
173 189 -0.182305
174 190 1.23639
175 191 0.623276
176 192 3.56146
177 193 1.50944
178 194 2.11576
179 195 1.30161
180 196 1.93093
181 197 -0.614811
182 198 0.221272
183 199 1.85301
184 200 0.0887734
185 201 0.548248
186 202 1.11446
187 203 0.882075
188 204 -0.217411
189 205 0.840596
190 206 2.66762
191 207 -0.123723
192 208 0.653858
193 209 -0.264
194 210 0.75762
195 211 1.15443
196 212 1.77922
197 213 1.97936
198 214 0.611453
199 215 -0.13103
200 216 -0.423993
201 217 2.1348
202 218 1.51746
203 219 0.0917227
204 220 0.894643
205 221 -0.621266
206 222 0.945366
207 223 0.566889
208 224 1.10021
209 225 0.244131
210 226 -0.135129
211 227 -0.211442
212 228 1.3913
213 229 0.571941
214 230 0.75409
215 231 1.6207
216 232 -0.313167
217 233 1.32089
218 234 0.132889
219 235 0.280765
220 236 0.641849
221 237 -0.0264833
222 238 0.559415
223 239 0.422506
224 240 0.858111
225 241 -0.323456
226 242 3.04358
227 243 1.16669
228 244 1.526
229 245 1.71958
230 246 -0.0268339
231 247 1.8772
232 248 1.371
233 249 -0.2485
234 250 -0.381061
235 251 1.08904
236 252 1.17949
237 253 0.460853
238 254 -0.259173
239 255 1.0205
240 0 0
241 1 0
242 2 0
243 3 0
244 4 0
245 5 0
246 6 0
247 7 0
248 8 0
249 9 0
250 10 0
251 11 0
252 12 0
253 13 0
254 14 0
255 15 0
