0 1 0.873095
1 2 0.354902
2 3 0.229568
3 4 0.744524
4 5 0.0202133
5 6 0.860497
6 7 -0.14285
7 8 0.126374
8 9 1.05014
9 10 0.849735
10 11 0.710928
11 12 0.327793
12 13 0.424872
13 14 0.0758028
14 15 0.158671
15 0 0
16 17 -0.0862522
17 18 -0.0451233
18 19 0.762455
19 20 1.37136
20 21 0.659282
21 22 0.708465
22 23 0.647274
23 24 1.45404
24 25 0.273042
25 26 0.936899
26 27 0.122272
27 28 1.86998
28 29 2.02476
29 30 -0.0356541
30 31 0.762994
31 16 0
32 33 0.784531
33 34 0.696914
34 35 0.395239
35 36 -0.0052494
36 37 0.248368
37 38 0.810913
38 39 0.391591
39 40 -0.0417927
40 41 0.182571
41 42 1.61255
42 43 0.658122
43 44 1.00735
44 45 1.03397
45 46 0.435257
46 47 1.60328
47 32 0
48 49 1.04739
49 50 1.02631
50 51 0.417497
51 52 1.1137
52 53 0.549042
53 54 0.251328
54 55 -0.210714
55 56 1.10467
56 57 0.337176
57 58 0.914152
58 59 2.59982
59 60 -0.3316
60 61 1.13964
61 62 0.716484
62 63 -0.354016
63 48 0
64 65 0.146882
65 66 -0.248023
66 67 0.0096655
67 68 -0.23131
68 69 0.54441
69 70 0.906604
70 71 1.25426
71 72 0.375394
72 73 1.27337
73 74 1.05563
74 75 1.23742
75 76 0.768297
76 77 0.188424
77 78 0.559059
78 79 0.343946
79 64 0
80 81 0.102896
81 82 -0.332113
82 83 2.23394
83 84 1.16245
84 85 -0.0204369
85 86 -0.530924
86 87 -0.165768
87 88 0.675807
88 89 0.303408
89 90 1.60872
90 91 0.501935
91 92 2.17569
92 93 1.94737
93 94 -0.0678385
94 95 1.16261
95 80 0
96 97 1.50464
97 98 1.21191
98 99 1.33324
99 100 0.815937
100 101 2.14089
101 102 0.866171
102 103 -0.0747645
103 104 1.64519
104 105 0.34304
105 106 -1.0546
106 107 0.804258
107 108 0.159764
108 109 1.99077
109 110 0.157084
110 111 0.855407
111 96 0
112 113 -0.226329
113 114 -0.209877
114 115 0.658684
115 116 1.87277
116 117 0.0136363
117 118 0.215553
118 119 1.686
119 120 0.170139
120 121 2.54573
121 122 0.934749
122 123 0.52437
123 124 0.218492
124 125 1.81716
125 126 0.53701
126 127 0.269478
127 112 0
128 129 1.5679
129 130 1.2509
130 131 0.532826
131 132 -0.612321
132 133 -0.0200014
133 134 -0.13916
134 135 1.28425
135 136 1.03235
136 137 0.595623
137 138 0.0557291
138 139 0.685508
139 140 0.342939
140 141 0.627574
141 142 0.233481
142 143 0.732573
143 128 0
144 145 -0.22871
145 146 0.729478
146 147 1.19639
147 148 0.0170141
148 149 1.11547
149 150 -0.0724315
150 151 1.05133
151 152 1.69572
152 153 1.71806
153 154 0.303794
154 155 0.438689
155 156 0.563024
156 157 0.783534
157 158 1.39565
158 159 0.831436
159 144 0
160 161 -0.0718841
161 162 0.88259
162 163 -1.31907
163 164 1.23886
164 165 1.99446
165 166 0.13067
166 167 0.215173
167 168 0.862558
168 169 0.361633
169 170 0.0386648
170 171 0.487313
171 172 -0.431401
172 173 0.538653
173 174 -0.0381364
174 175 0.814056
175 160 0
176 177 0.2191
177 178 -0.618873
178 179 0.913627
179 180 0.320006
180 181 0.250388
181 182 2.20723
182 183 0.141456
183 184 0.992708
184 185 -0.481853
185 186 0.51858
186 187 0.246909
187 188 0.97517
188 189 1.22914
189 190 -0.153623
190 191 1.78189
191 176 0
192 193 0.33469
193 194 0.541931
194 195 -0.603608
195 196 0.073092
196 197 0.980105
197 198 0.420122
198 199 3.02996
199 200 -0.157986
200 201 0.855197
201 202 2.6918
202 203 1.3666
203 204 0.60905
204 205 -0.424034
205 206 0.389342
206 207 0.648866
207 192 0
208 209 1.31545
209 210 0.982001
210 211 0.770716
211 212 -0.353569
212 213 1.61125
213 214 -0.549415
214 215 0.558391
215 216 0.823705
216 217 1.64616
217 218 1.55093
218 219 -0.512259
219 220 0.948626
220 221 1.10983
221 222 0.643859
222 223 0.326596
223 208 0
224 225 -0.160311
225 226 1.09706
226 227 -0.200274
227 228 2.62751
228 229 0.0785629
229 230 0.289541
230 231 0.0442481
231 232 0.288358
232 233 -0.0922439
233 234 -0.537261
234 235 0.62066
235 236 1.30948
236 237 -1.50135
237 238 -0.204404
238 239 -0.0886415
239 224 0
240 241 0.867004
241 242 0.873511
242 243 -0.560358
243 244 0.486389
244 245 1.9283
245 246 0.251976
246 247 0.338851
247 248 0.471749
248 249 0.0969884
249 250 0.826721
250 251 0.525495
251 252 0.347691
252 253 1.86928
253 254 1.28095
254 255 0.988189
255 240 0
0 16 -0.0273378
1 17 0.385898
2 18 0.148983
3 19 1.87694
4 20 0.911632
5 21 1.31407
6 22 1.13374
7 23 0.300151
8 24 -0.25963
9 25 0.36991
10 26 1.28753
11 27 1.27048
12 28 -0.178915
13 29 0.469504
14 30 0.583047
15 31 0.864815
16 32 1.2174
17 33 -0.0786918
18 34 0.784305
19 35 -0.167281
20 36 1.34297
21 37 0.814985
22 38 0.934966
23 39 0.726426
24 40 1.9253
25 41 1.15087
26 42 -0.630367
27 43 -0.907868
28 44 2.11868
29 45 0.88056
30 46 0.751836
31 47 0.304327
32 48 0.564886
33 49 1.45569
34 50 1.16432
35 51 0.577478
36 52 0.372101
37 53 0.326549
38 54 1.39066
39 55 0.745836
40 56 0.543084
41 57 -0.819066
42 58 0.481797
43 59 0.0847546
44 60 1.11888
45 61 1.87977
46 62 1.18606
47 63 1.03253
48 64 1.39065
49 65 0.559408
50 66 0.882028
51 67 -0.463104
52 68 0.14804
53 69 0.0611526
54 70 1.5687
55 71 0.124895
56 72 0.0542788
57 73 0.228569
58 74 1.81012
59 75 -0.0160174
60 76 0.366962
61 77 1.10798
62 78 -1.05218
63 79 1.7607
64 80 0.168731
65 81 0.572186
66 82 0.339923
67 83 2.51597
68 84 1.35865
69 85 0.844609
70 86 0.363106
71 87 0.22382
72 88 0.955458
73 89 0.366361
74 90 0.630556
75 91 1.2511
76 92 1.29868
77 93 0.198873
78 94 0.676127
79 95 1.05974
80 96 0.0073523
81 97 0.66939
82 98 -0.524918
83 99 1.79583
84 100 -0.432385
85 101 0.809743
86 102 1.9326
87 103 -0.73349
88 104 2.6481
89 105 1.04177
90 106 -0.554247
91 107 1.30043
92 108 0.266542
93 109 0.542498
94 110 1.18108
95 111 1.84656
96 112 0.172635
97 113 0.505945
98 114 -0.0882085
99 115 -0.510122
100 116 0.56119
101 117 1.29867
102 118 1.348
103 119 0.501585
104 120 -0.41537
105 121 0.885262
106 122 1.69524
107 123 0.73406
108 124 0.393494
109 125 -0.0850397
110 126 0.689439
111 127 1.06285
112 128 0.210416
113 129 0.746475
114 130 1.56533
115 131 1.63133
116 132 0.733243
117 133 1.22497
118 134 0.0514625
119 135 -0.009511
120 136 -0.139136
121 137 1.44828
122 138 0.231662
123 139 0.118687
124 140 0.367354
125 141 0.162878
126 142 1.39532
127 143 0.747201
128 144 -0.118574
129 145 0.923177
130 146 -0.299086
131 147 0.336392
132 148 1.53004
133 149 0.700631
134 150 0.714323
135 151 0.809194
136 152 0.903136
137 153 1.13328
138 154 0.186484
139 155 0.170652
140 156 0.676473
141 157 -0.131576
142 158 -0.692717
143 159 0.0941154
144 160 0.82419
145 161 1.80992
146 162 1.41792
147 163 1.7299
148 164 -1.06724
149 165 1.05812
150 166 0.3168
151 167 1.29053
152 168 -0.20412
153 169 0.835057
154 170 1.61862
155 171 -0.236683
156 172 -0.924539
157 173 0.579771
158 174 0.771238
159 175 0.168263
160 176 1.29893
161 177 1.74901
162 178 0.214381
163 179 1.34269
164 180 0.764048
165 181 1.92206
166 182 1.41264
167 183 -0.596061
168 184 0.814946
169 185 0.0638524
170 186 -0.0382542
171 187 1.27114
172 188 1.09377
173 189 0.305106
174 190 1.74168
175 191 1.35879
176 192 0.922855
177 193 0.628178
178 194 2.1581
179 195 1.18111
180 196 0.439181
181 197 0.193348
182 198 0.992425
183 199 1.47554
184 200 1.42889
185 201 0.202858
186 202 1.52753
187 203 -0.267992
188 204 1.05903
189 205 0.264767
190 206 0.112894
191 207 0.946027
192 208 0.147433
193 209 -0.0593597
194 210 1.6376
195 211 1.02693
196 212 1.19945
197 213 0.920089
198 214 0.769951
199 215 0.900748
200 216 -0.592359
201 217 0.326389
202 218 1.16783
203 219 3.06545
204 220 1.12093
205 221 1.3819
206 222 0.589784
207 223 -0.454528
208 224 0.397857
209 225 0.871412
210 226 -0.0085661
211 227 0.696724
212 228 0.785057
213 229 -0.11137
214 230 1.80909
215 231 -0.392117
216 232 2.10276
217 233 0.985563
218 234 0.874648
219 235 1.69961
220 236 0.375223
221 237 0.93603
222 238 -0.50367
223 239 0.301408
224 240 0.517434
225 241 1.36077
226 242 0.19005
227 243 1.64485
228 244 0.679035
229 245 0.254925
230 246 0.87226
231 247 1.04116
232 248 0.59341
233 249 0.327551
234 250 0.0645001
235 251 1.11138
236 252 1.69982
237 253 2.00163
238 254 3.14635
239 255 1.33599
240 0 0
241 1 0
242 2 0
243 3 0
244 4 0
245 5 0
246 6 0
247 7 0
248 8 0
249 9 0
250 10 0
251 11 0
252 12 0
253 13 0
254 14 0
255 15 0
