0 1 0.95071
1 2 1.48556
2 3 0.409909
3 4 2.45558
4 5 0.545882
5 6 1.24943
6 7 0.432827
7 8 1.16339
8 9 1.64006
9 10 0.785431
10 11 -0.0614475
11 12 1.23317
12 13 0.113675
13 14 2.01415
14 15 -0.471461
15 0 0
16 17 -0.807488
17 18 2.17313
18 19 2.00668
19 20 1.34401
20 21 0.972084
21 22 -0.0023184
22 23 1.66443
23 24 0.842034
24 25 0.740778
25 26 1.21857
26 27 1.58126
27 28 1.75301
28 29 0.809855
29 30 0.790659
30 31 0.809205
31 16 0
32 33 -0.41614
33 34 0.999724
34 35 0.806157
35 36 1.14072
36 37 -0.510059
37 38 1.23832
38 39 0.494081
39 40 1.99459
40 41 1.66632
41 42 1.2006
42 43 0.609122
43 44 1.45442
44 45 1.05688
45 46 0.58121
46 47 1.08263
47 32 0
48 49 1.40861
49 50 1.60368
50 51 -0.302194
51 52 0.982925
52 53 1.60703
53 54 0.977275
54 55 -1.30726
55 56 2.08033
56 57 0.097136
57 58 1.41919
58 59 0.65675
59 60 2.40413
60 61 -1.45685
61 62 -0.431181
62 63 0.0698492
63 48 0
64 65 0.418244
65 66 0.630725
66 67 0.954594
67 68 0.105848
68 69 1.88748
69 70 -0.559159
70 71 0.789824
71 72 0.154277
72 73 1.3299
73 74 0.533828
74 75 0.928791
75 76 0.705643
76 77 0.0620822
77 78 0.746595
78 79 1.26935
79 64 0
80 81 0.152116
81 82 -0.275244
82 83 0.463966
83 84 2.0459
84 85 -0.0154894
85 86 0.238997
86 87 -0.0885013
87 88 -0.647137
88 89 2.51283
89 90 1.29344
90 91 0.141851
91 92 1.48899
92 93 -0.663138
93 94 0.539743
94 95 -0.0895861
95 80 0
96 97 -0.270757
97 98 0.0074837
98 99 0.66255
99 100 -0.0642853
100 101 1.57659
101 102 0.172023
102 103 -0.907086
103 104 1.87585
104 105 -0.391484
105 106 -0.576332
106 107 0.88331
107 108 0.244901
108 109 0.880812
109 110 0.157385
110 111 1.2007
111 96 0
112 113 0.730292
113 114 0.283456
114 115 -0.362172
115 116 -0.190189
116 117 1.12387
117 118 0.569922
118 119 0.562535
119 120 1.22756
120 121 0.768506
121 122 1.03032
122 123 2.50107
123 124 0.293132
124 125 0.644417
125 126 0.0216534
126 127 0.19885
127 112 0
128 129 1.36776
129 130 0.474385
130 131 0.225911
131 132 -0.157165
132 133 1.66761
133 134 0.161853
134 135 0.802009
135 136 0.963447
136 137 0.0573461
137 138 0.210155
138 139 0.593205
139 140 0.975171
140 141 0.357681
141 142 0.317411
142 143 0.331652
143 128 0
144 145 0.949608
145 146 0.412231
146 147 0.948827
147 148 0.607888
148 149 0.626823
149 150 -0.294241
150 151 0.569399
151 152 2.08863
152 153 0.972229
153 154 1.50989
154 155 0.896399
155 156 0.717956
156 157 -0.258764
157 158 0.492162
158 159 -0.120543
159 144 0
160 161 -0.130088
161 162 0.162426
162 163 0.25678
163 164 0.731292
164 165 1.22176
165 166 -0.302296
166 167 1.32152
167 168 0.107162
168 169 -0.332506
169 170 0.0389975
170 171 0.233413
171 172 1.31883
172 173 0.304011
173 174 0.672061
174 175 0.838523
175 160 0
176 177 1.45273
177 178 -0.221106
178 179 1.18167
179 180 0.220797
180 181 0.0886098
181 182 0.556349
182 183 0.263164
183 184 0.52918
184 185 1.13096
185 186 0.118741
186 187 -0.0705728
187 188 -0.391087
188 189 1.32129
189 190 -1.31315
190 191 1.43489
191 176 0
192 193 0.360738
193 194 1.32286
194 195 0.610828
195 196 0.111904
196 197 0.162108
197 198 2.5039
198 199 -0.143292
199 200 0.763913
200 201 0.335029
201 202 1.4809
202 203 1.28604
203 204 1.02462
204 205 1.35538
205 206 1.07459
206 207 -0.612189
207 192 0
208 209 0.94048
209 210 1.21442
210 211 -0.0096899
211 212 1.21852
212 213 2.06401
213 214 -0.624688
214 215 0.304332
215 216 1.0944
216 217 0.972984
217 218 1.90735
218 219 0.142085
219 220 -0.88164
220 221 1.53095
221 222 2.07211
222 223 1.04784
223 208 0
224 225 0.257178
225 226 1.63333
226 227 0.639382
227 228 1.28968
228 229 0.0324423
229 230 1.06519
230 231 0.969483
231 232 -0.152416
232 233 -0.820918
233 234 1.69376
234 235 -0.096993
235 236 0.868235
236 237 0.174625
237 238 -0.353444
238 239 -0.421078
239 224 0
240 241 1.50553
241 242 -0.687598
242 243 1.27555
243 244 1.13773
244 245 0.0761159
245 246 0.505219
246 247 0.173825
247 248 0.314869
248 249 0.839913
249 250 0.0167705
250 251 0.436961
251 252 0.899766
252 253 1.16707
253 254 1.26687
254 255 0.906072
255 240 0
0 16 1.12325
1 17 0.589671
2 18 0.848498
3 19 -0.120278
4 20 0.663153
5 21 1.451
6 22 1.78017
7 23 0.984885
8 24 1.02818
9 25 0.416364
10 26 0.330525
11 27 0.624625
12 28 2.9841
13 29 -0.905421
14 30 2.0509
15 31 1.03887
16 32 0.266814
17 33 0.0595483
18 34 0.67375
19 35 1.7315
20 36 1.35661
21 37 0.182836
22 38 0.474413
23 39 1.34908
24 40 0.64155
25 41 2.10465
26 42 1.07527
27 43 -0.26376
28 44 0.887362
29 45 1.76134
30 46 0.307127
31 47 0.962349
32 48 0.572402
33 49 0.208039
34 50 1.69511
35 51 1.4321
36 52 0.15955
37 53 1.11715
38 54 1.32592
39 55 2.1298
40 56 0.924656
41 57 1.23548
42 58 0.555181
43 59 0.60113
44 60 0.542037
45 61 1.74397
46 62 0.0983828
47 63 0.565464
48 64 -0.150938
49 65 1.80075
50 66 0.260378
51 67 1.04868
52 68 1.33211
53 69 0.96672
54 70 1.9167
55 71 0.83752
56 72 0.641535
57 73 -1.14073
58 74 1.5265
59 75 -0.382334
60 76 0.311414
61 77 1.92538
62 78 1.61112
63 79 0.455309
64 80 0.253957
65 81 3.16219
66 82 -0.0425587
67 83 0.798011
68 84 0.713422
69 85 -0.20605
70 86 -0.118529
71 87 0.802814
72 88 -0.0516319
73 89 1.17537
74 90 0.0146284
75 91 0.561334
76 92 -0.284346
77 93 0.70719
78 94 0.784716
79 95 -0.981172
80 96 0.140696
81 97 1.98042
82 98 0.602878
83 99 0.785562
84 100 1.59209
85 101 0.172744
86 102 1.01634
87 103 1.3926
88 104 1.61044
89 105 0.921544
90 106 -0.343106
91 107 1.11544
92 108 0.869
93 109 0.530988
94 110 2.71807
95 111 2.31392
96 112 0.669846
97 113 -0.616211
98 114 1.36575
99 115 1.0493
100 116 -0.623265
101 117 0.930555
102 118 2.03178
103 119 1.27944
104 120 0.123058
105 121 0.674459
106 122 0.510806
107 123 0.0422021
108 124 -0.129285
109 125 0.644788
110 126 1.21433
111 127 2.00596
112 128 0.112697
113 129 0.702081
114 130 -0.073972
115 131 1.92662
116 132 0.192044
117 133 -0.0107768
118 134 0.23806
119 135 0.305668
120 136 1.47542
121 137 0.836918
122 138 -0.438086
123 139 0.702071
124 140 1.36012
125 141 1.57314
126 142 1.46274
127 143 0.136809
128 144 1.26557
129 145 0.859727
130 146 0.457417
131 147 1.34413
132 148 0.891965
133 149 0.83545
134 150 0.806141
135 151 0.422035
136 152 2.27079
137 153 0.10249
138 154 0.265054
139 155 -0.841408
140 156 0.332204
141 157 1.50878
142 158 2.56292
143 159 1.84733
144 160 1.12446
145 161 0.347056
146 162 0.724447
147 163 1.73094
148 164 -0.606032
149 165 1.09696
150 166 0.604732
151 167 -0.227853
152 168 0.357739
153 169 1.01641
154 170 -0.62734
155 171 0.236378
156 172 0.084532
157 173 0.867315
158 174 0.910456
159 175 0.103522
160 176 -0.510218
161 177 1.25677
162 178 1.02131
163 179 1.41119
164 180 0.751887
165 181 1.09783
166 182 1.50453
167 183 1.12316
168 184 1.2997
169 185 0.893376
170 186 0.618172
171 187 0.275622
172 188 0.868029
173 189 0.475527
174 190 0.573797
175 191 1.21987
176 192 0.304062
177 193 0.994169
178 194 0.426528
179 195 -0.187044
180 196 0.311192
181 197 1.47739
182 198 -0.0947487
183 199 -0.263214
184 200 0.562702
185 201 0.0688405
186 202 0.455188
187 203 0.570916
188 204 1.05779
189 205 1.17831
190 206 1.46624
191 207 1.86028
192 208 -0.0192633
193 209 0.186176
194 210 0.333712
195 211 0.287549
196 212 0.0020625
197 213 0.526694
198 214 -0.146737
199 215 0.902134
200 216 0.518355
201 217 1.12872
202 218 -0.251025
203 219 1.17227
204 220 3.44828
205 221 -1.47179
206 222 1.38711
207 223 1.18062
208 224 0.893775
209 225 0.22261
210 226 1.95207
211 227 1.16688
212 228 -0.10808
213 229 0.878307
214 230 0.546788
215 231 0.307581
216 232 0.942949
217 233 1.85292
218 234 -0.647226
219 235 0.622843
220 236 0.929464
221 237 1.38221
222 238 0.369836
223 239 0.318155
224 240 0.838017
225 241 0.275132
226 242 -0.0473287
227 243 0.679629
228 244 0.713028
229 245 1.50334
230 246 -0.210675
231 247 2.7508
232 248 0.734073
233 249 1.55899
234 250 1.01917
235 251 -0.310792
236 252 0.502765
237 253 0.95627
238 254 1.45949
239 255 0.223244
240 0 0
241 1 0
242 2 0
243 3 0
244 4 0
245 5 0
246 6 0
247 7 0
248 8 0
249 9 0
250 10 0
251 11 0
252 12 0
253 13 0
254 14 0
255 15 0
