300 600
120 243
120 174
120 266
120 53
243 23
243 27
243 146
93 263
93 279
93 221
93 132
263 113
263 270
263 173
32 207
32 91
32 130
32 268
207 71
207 67
207 168
96 211
96 26
96 179
96 231
211 224
211 186
211 280
175 222
175 237
175 3
175 114
222 231
222 52
222 218
14 108
14 72
14 164
14 134
108 34
108 97
108 218
141 264
141 94
141 260
141 117
264 177
264 200
264 197
54 92
54 56
54 233
54 201
92 90
92 112
92 204
24 203
24 48
24 194
24 253
203 284
203 261
203 296
152 256
152 223
152 156
152 28
256 25
256 193
256 45
42 157
42 29
42 156
42 176
157 199
157 184
157 97
98 186
98 7
98 208
98 126
186 280
186 118
177 192
177 181
177 45
30 66
30 114
30 257
30 67
66 265
66 252
66 206
248 293
248 242
248 277
248 298
293 163
293 167
293 151
90 290
90 285
90 110
290 129
290 168
290 185
130 170
130 71
130 283
170 69
170 251
170 247
101 185
101 113
101 87
101 105
185 210
185 5
20 220
20 15
20 80
20 69
220 95
220 46
220 128
22 200
22 121
22 138
22 29
200 138
200 43
60 123
60 148
60 31
60 213
123 145
123 166
123 47
34 226
34 273
34 63
226 51
226 71
226 148
174 291
174 28
174 215
291 159
291 75
291 191
8 250
8 13
8 246
8 105
250 41
250 143
250 146
7 70
7 147
7 202
121 138
121 261
121 179
138 238
62 97
62 145
62 194
62 31
97 11
114 173
114 3
173 278
173 25
80 298
80 49
80 119
298 294
298 77
99 103
99 153
99 287
99 201
103 133
103 282
103 299
132 276
132 162
132 149
276 257
276 44
276 106
133 228
133 235
133 277
228 227
228 50
228 286
124 254
124 178
124 247
124 165
254 26
254 223
254 272
187 251
187 204
187 127
187 115
251 82
251 86
113 159
113 85
36 210
36 213
36 218
36 83
210 39
210 242
6 287
6 233
6 197
6 281
287 51
287 145
104 137
104 49
104 37
104 195
137 50
137 117
137 41
21 233
21 196
21 53
21 154
233 190
11 15
11 65
11 201
15 195
15 258
208 274
208 214
208 232
274 50
274 193
274 161
178 65
178 17
178 246
199 146
199 139
199 105
88 242
88 241
88 259
88 292
242 172
2 18
2 192
2 235
2 48
18 55
18 68
18 167
82 196
82 151
82 0
196 172
196 131
145 195
63 237
63 204
63 70
237 244
237 38
89 142
89 182
89 51
89 40
142 258
142 76
142 28
161 297
161 84
161 269
297 117
297 107
297 12
57 225
57 158
57 106
57 115
225 214
225 231
225 252
37 122
37 279
37 219
122 216
122 110
122 69
52 219
52 194
52 139
219 166
219 235
72 193
72 81
72 183
193 79
84 87
84 236
84 176
146 129
27 241
27 183
27 147
241 73
241 272
28 40
153 271
153 230
153 273
271 214
271 75
271 262
162 17
162 10
162 135
227 215
227 277
227 259
189 198
189 262
189 46
189 58
198 281
198 125
198 280
13 44
13 240
13 214
44 71
44 74
17 169
17 4
169 134
169 252
169 119
192 78
192 150
204 39
158 171
158 166
158 148
171 151
171 209
171 47
224 258
224 212
224 176
258 39
205 288
205 230
205 260
205 201
288 38
288 164
288 9
91 5
91 257
91 184
144 202
144 100
144 240
144 9
202 126
202 150
100 136
100 195
100 125
136 19
136 48
136 143
261 283
261 294
294 81
294 232
4 111
4 67
4 180
65 245
65 143
107 249
107 149
107 284
249 74
249 167
249 109
19 270
19 76
19 1
69 253
172 45
172 191
51 268
58 159
58 46
58 147
159 182
257 284
81 260
81 212
260 118
181 31
181 23
181 112
86 102
86 94
86 285
102 268
102 26
102 176
41 295
41 139
295 275
295 244
295 150
270 5
270 236
56 23
56 5
56 206
0 78
0 33
0 87
78 180
78 85
55 61
55 109
55 188
61 48
61 247
61 64
29 299
29 59
116 134
116 197
116 190
116 76
134 206
184 16
184 197
213 292
213 148
231 245
151 240
245 70
245 247
35 236
35 235
35 246
35 165
236 163
26 280
70 135
87 168
168 126
230 135
230 38
68 266
68 119
68 77
266 216
266 154
128 155
128 296
128 167
155 25
155 239
155 217
74 125
74 279
125 131
215 49
215 12
139 143
10 12
10 209
10 64
12 239
299 283
299 259
25 232
244 38
244 209
296 40
296 206
166 119
23 94
279 281
46 284
73 194
73 154
73 59
50 112
150 267
267 179
267 265
267 272
182 234
182 156
94 77
95 115
95 269
95 188
163 191
163 43
115 127
117 234
16 53
16 289
16 188
53 278
49 289
9 147
9 209
105 149
149 140
75 265
75 67
265 83
40 126
3 285
3 188
253 252
253 269
190 292
190 262
39 83
282 165
282 229
282 223
275 47
275 212
275 111
180 191
180 33
1 31
1 85
1 240
106 286
106 234
234 79
129 238
129 179
278 289
278 131
217 262
217 45
217 238
165 255
140 110
140 83
140 183
33 112
33 229
154 269
135 286
238 164
223 43
232 246
277 47
281 118
218 268
286 259
76 221
216 229
216 110
229 43
212 255
156 239
239 131
127 283
127 285
77 273
273 79
272 109
111 255
111 118
183 289
221 59
221 160
292 64
164 109
160 255
160 59
160 79
64 85
