0.5680498837333333	0.5696939279836706
-0.7900833754666667	-0.7902309733174029
0.1446876736	0.15548031401615628
-0.9352676217333333	-0.9407666784415641
0.42032542933333333	0.43983186229748505
-0.18062814386666667	-0.20899045347228498
0.10173416066666667	0.10140491522771866
-0.6557413146666666	-0.6566874671360644
-0.06444711066666667	-0.06563332830312964
-0.18045730986666667	-0.181913874271426
-0.04912748657777778	-0.056191572270350876
-0.7851721315555555	-0.7837966567153228
-0.26327535942222224	-0.26150337541255814
0.13096997782222222	0.12927927127405614
-0.4571467588888889	-0.4540698661540795
-0.795155049688889	-0.7988489552282403
-0.7930202735555556	-0.7961878788024279
-0.08546514440000001	-0.09501435555636167
0.6043964132	0.605091171764535
-0.42361534093333336	-0.42640848109701274
0.024575979733333333	0.029427823803675056
-0.07414995693333333	-0.07450891023636046
0.8920096952444444	0.893943476411943
-0.29378616280000003	-0.29433660955455504
-0.9151128608000001	-0.9158129326315653
-0.2150618232	-0.21789990094855766
0.7082070279999999	0.7052285007531622
-0.9291388677777778	-0.9288823159756717
-0.14280713333333334	-0.1358391567010146
0.5145041933333334	0.5167156735474544
0.6976885963555556	0.7004303799436766
-0.7655304501333333	-0.766469117820204
-0.9365641593333333	-0.9373642122043097
0.47974760106666664	0.4803059750358013
-0.11859734346666666	-0.11674711739196778
-0.1349304263111111	-0.13352761691769388
0.6261958930666667	0.6373755280773092
0.8198944272	0.8252220822061225
-0.39573620275555554	-0.4032346227642228
-0.5367999084444445	-0.6283802439401742
0.9779025126222222	0.9817916867505815
-0.6130637323555556	-0.6149258361188227
-0.15248300657777777	-0.15744265578285643
0.7672396929777777	0.7721871934799521
-0.744996058311111	-0.7503133171238763
-0.2363986119111111	-0.23717338759624912
0.2881397504	0.2802307756276154
0.5584063512888889	0.5600783084393987
0.9754458044444444	0.9782763275943663
0.7641344480000001	0.7698322781053044
0.5251006248888889	0.545887847242379
0.2210612593777778	0.21131237926271168
-0.9673942179555556	-0.9673359557269511
0.4188449656888889	0.4198227250567133
0.9365773150666667	0.935053813905467
-0.8614123881333333	-0.8565728448478135
-0.12096013648888888	-0.11674065049943846
0.17173180124444443	0.16920847110839052
0.9511538158222222	0.9519424472138062
-0.3899320568888889	-0.3752825783146337
-0.27428740888888886	-0.27339357436088335
-0.1271605611111111	-0.12671446713400694
0.006123945777777778	0.003201414446576591
0.6446671478666667	0.648825665918913
0.9779817538666666	0.9856737185037355
0.7944864429777777	0.7997713162302221
0.4333832953333333	0.4320690436551181
0.082767038	0.08319265766118807
-0.09280701466666666	-0.08970651616169059
0.4463823154666667	0.44595363963535045
-0.32119416533333334	-0.32619872633321156
0.6638594791555555	0.6637384771882886
-0.208765688	-0.21217498194953777
0.7763645358666666	0.776523800185731
-0.380936924	-0.38260675352422213
0.9494493833333333	0.950794909128732
0.7571475526666667	0.7549360423554954
-0.6613591286666667	-0.6650662223043837
0.787003488	0.7886484272050729
-0.5400232346666667	-0.535088243357158
-0.8666792162666667	-0.8662718215844925
0.27163233017777777	0.27119231709862296
0.8141563745777778	0.8154818767981922
0.8079879347111111	0.8087320696866049
0.9626415279999999	0.9622181352730811
0.5751846882222222	0.5816853493421669
-0.06808229466666667	-0.06877819173726729
0.7280079676888889	0.7281988562393871
0.17845885257777777	0.17657559076862933
-0.7434362738222222	-0.7422068931705034
0.5701259138666667	0.5696570726038693
0.18853751573333336	0.19319435615084143
-0.43652729226666664	-0.43416344537822826
0.4025011742666667	0.40078812642485273
0.18615963786666667	0.1861489099096589
-0.26919003973333333	-0.2665344186021136
-0.23278591306666666	-0.23543758443478247
-0.1872840752	-0.18778948638429752
-0.8627313050666666	-0.863210674758095
-0.7192815990666667	-0.718792303312965
0.8125274289777777	0.8120113044402234
0.7853161080444445	0.7864299789163524
0.0828150312888889	0.08603049843577626
-0.40847817857777774	-0.4084174701652942
-0.45305488804444444	-0.45252884672492566
0.501530966	0.5028459806884296
0.42402032044444443	0.4252175428124317
0.39923531	0.40154140619876844
-0.8880236101333333	-0.8880880526646392
-0.8767791142666667	-0.8796146383842179
-0.8107851867111112	-0.7852422522927683
-0.12307098408888889	-0.12017395830731842
-0.9147867868444444	-0.913696769869976
-0.4302141884444444	-0.4258828584926542
-0.2739467050666667	-0.27473775825390917
0.8357066442666667	0.8365716906446379
0.33147293173333336	0.33494298317312304
0.24581627133333334	0.24911583601806828
0.6715725602222222	0.9999999999999947
-0.6996380277777778	-0.9999999999999973
-0.9300394438666666	-0.9295150670945153
-0.6180297148888888	-0.6172124329815699
0.8086003115111111	0.8096504454957235
0.16764540773333333	0.16897428807092493
0.49482645946666665	0.49789439783985506
-0.09984033533333334	-0.09941710000867948
0.173883722	0.17006501267158539
-0.4788792573333333	-0.47812368599190863
-0.7035604884	-0.7041864195785859
-0.48506771826666667	-0.48536284632250315
-0.289926226	-0.28847829781676293
-0.37523246164444446	-0.3752846801808837
0.5317274180444445	0.5316535888310873
0.10268044871111111	0.10588080715592367
0.8675349926666667	0.8715714741240078
-0.4769196672	-0.49554989259648385
0.3041090625333333	0.30412240200214086
0.7756710427555555	0.7726943216845259
0.09345899137777777	0.0989125120649678
-0.8603191908444444	-0.8612972801776865
-0.8462119233333333	-0.8396650713943122
0.9171039844444444	0.9137769600042689
0.7159427706666667	0.7172254767480413
0.25484179679999996	0.25430763804188555
-0.7771940341333333	-0.7777891340246504
0.2576880801777778	0.2509512511099968
0.9634479377777778	0.9647625778465087
0.8071963168	0.809192835751469
0.35089176955555557	0.35106337452103953
0.23365651666666665	0.25252785507405906
0.812734188	0.8156268302922114
-0.9163973296888889	-0.9179126193907801
0.904661036888889	0.9068178853912967
0.28533372977777777	0.28593544244999225
-0.37870610844444447	-0.3787286661897107
-0.21531950222222224	-0.21535991091097462
-0.15970930844444445	-0.16189095180731058
0.9323538090666667	0.9314620179100074
-0.4705493578666667	-0.46253490423567684
0.48848644053333334	0.484498410186744
-0.3095949456888889	-0.30883922400377756
0.3687852141333333	0.3748216954357967
-0.8379715572444444	-0.8391852540260991
-0.6321944538666666	-0.6296658757459769
-0.5519323587555556	-0.5484345736706411
-0.34435887537777776	-0.34019128239666474
-0.2185598808	-0.21581146810943244
0.6004043904	0.6046329631211934
-0.0753890648888889	-0.07241117509055812
-0.710585184	-0.7088791143926872
0.3733025688888889	0.3740577471940298
-0.53404233	-0.5347968978784683
-0.9603635966666666	-0.9604776025228394
0.8281014325333333	0.8265525922468988
-0.8309791714666667	-0.8360439017443421
-0.46158996760000004	-0.4608196900305405
0.3705022952	0.36857720957461515
0.16498559200000001	0.16510972854305037
0.5421099162666667	0.5426761487783849
-0.5371214410666667	-0.5328436347247296
-0.8631253994666667	-0.8622770623880518
0.7871936858666666	0.7851559257697784
-0.8927524548	-0.8946473613092198
-0.3048215764888889	-0.3160202033424157
-0.19427634724444445	-0.20244656837127556
-0.1530327976888889	-0.1562573574253827
-0.8428665086222222	-0.8427923273823535
-0.05425660711111111	-0.04990850112405177
-0.16665499	-0.18125333364959517
0.9555789588888889	0.9557106740219136
0.05985828	0.05447105241564651
0.9909318913333333	0.9913662316768881
-0.69618553	-0.695990270122014
0.029412110666666668	0.04920857437058548
-0.6356960206666666	-0.6314256753666255
0.4310957351111111	0.42799112738308154
0.7583634997777777	0.7551029094325559
-0.1897476878222222	-0.19747254973031333
-0.13819903288888888	-0.14052171970495564
-0.5041662421333334	-0.5058701948415192
-0.5334019342666667	-0.5300665540322933
-0.010936382533333334	-0.016875323249360814
-0.8563831970666667	-0.8547796001083137
-0.5998831208888888	-0.6010786716269406
-0.1711822266666667	-0.1650927818892204
-0.3002804293333333	-0.2980870296965634
0.4942071810222222	0.4939502435846835
0.3379332066222222	0.33490001064886804
0.4294869724888889	0.43193781591333597
0.8230021003111111	0.8192006715615555
0.8595491327111111	0.856743064537067
0.08763723102222222	0.08591343336296711
-0.272256608	-0.269038164448998
0.9352547626666667	0.9353202126354645
-0.4035389088888889	-0.40465292565270267
-0.5397242933333334	-0.5357864759074158
0.7045787866666666	0.7055629483805366
0.3747629863111111	0.3736079182038835
0.568496436711111	0.5682625838260548
0.17356031831111113	0.17472491585979885
-0.5543443079555556	-0.5599093342693243
0.7373780525777778	0.7392462813776033
-0.7047191509333333	-0.7100722283274356
0.8521897941333334	0.8556825252376368
-0.5360359637333334	-0.5328543272969037
-0.9063601960000001	-0.9089721255629007
-0.756930362	-0.7621982583409467
0.7217150913333333	0.7210821135801864
0.3292631322222222	0.33541471945557344
-0.3937597526666667	-0.39478347624465715
0.9420937777777778	0.941991882453077
-0.2864971757777778	-0.29099872010945727
0.7732412913333333	0.7688876688201934
-0.8138649091111111	-0.811439537403576
-0.7980859647999999	-0.7986625386677882
-0.7286516693333334	-0.728519658820458
-0.3234449024	-0.3229378410151014
-0.9079990218666666	-0.9062618161283477
0.245480656	0.2433794878505345
-0.6532211082666666	-0.6460236336992968
0.1723015904	0.1682124558355886
-0.06844087817777779	-0.06751106254013638
-0.8071617288	-0.8079242907047559
0.09720028879999999	0.10023372667854359
-0.07982991093333335	-0.07987520904885487
0.9366099705777777	0.9368220336054707
-0.4082000052	-0.4095319746313737
0.06312120506666667	0.050709105232871865
-0.5522132517333334	-0.5501919126464573
0.15495108426666668	0.15351166769373287
0.6161679505777777	0.61748016437489
0.2534433742222222	0.2553777157548197
0.8348290026666666	0.8380474187057085
0.8308257280000001	0.8343230675863078
-0.34554036195555554	-0.34413668733850095
0.06181268448888889	0.057246881479402115
-0.21647959973333333	-0.2149296680233432
0.43981109519999995	0.4374176148707371
0.7486498754666667	0.7478796267818457
-0.5914634305777778	-0.5948876532316542
0.1712288086222222	0.16873749453682535
0.6587609986666666	0.6587468898875152
-0.8034437160888889	-0.802743972061745
-0.5465264398666667	-0.5595244509396325
0.8170235764444443	0.8149107825174435
0.15886618506666667	0.1594133088115502
0.9114932725333333	0.9106305619717956
-0.42745597155555554	-0.425629935349256
-0.4606318881777777	-0.45800672858398717
0.31841183093333336	0.3223503659112632
-0.8935158880888889	-0.892938387048219
-0.4288123218666667	-0.41918946153993913
0.8028503194666667	0.8031068033861049
-0.6635182117333334	-0.6650990324979451
-0.612012748	-0.6075111097061497
0.6290660229333334	0.6292678258942226
0.9621016816444444	0.9999999999984831
0.8738476754666666	0.999999999992621
-0.10848281217777778	-0.10059572865132985
0.8359189856	0.8414139574420696
-0.6011552661333334	-0.6065626963945707
-0.9247384778666666	-0.9330415489114089
0.43839833004444445	0.438357485664179
0.7530536615111111	0.7522228892545558
0.5166099401333333	0.5180493784789185
0.2798393238666667	0.2883240789732694
-0.9738333109333333	-0.9737259660291384
0.8846265600000001	0.8864281543804737
0.18786508693333334	0.19541473090495987
-0.8215238972444444	-0.8200616170570586
-0.26918220337777776	-0.2732501335711009
-0.5519933305333333	-0.5525627689353089
-0.5475267236	-0.5480361564477365
-0.5611390681333334	-0.5628454158552577
-0.6775336887111112	-0.6760454681476297
-0.8080499060444445	-0.806873813145405
-0.8253239276444445	-0.8243230255075137
0.7758996484444445	0.7758648802166054
-0.12244829511111112	-0.12703320953986874
0.8886828133333334	0.8887081011832466
0.9068494802666666	0.9061748099700929
0.4000949842666667	0.39708434570614476
0.28668922733333335	0.2885836495744708
-0.7955017086666666	-0.7992611287422344
-0.36722989720000004	-0.3775867583858656
-0.9107337528	-0.9122626836629211
-0.25026536097777774	-0.25824303473906235
-0.18052707786666666	-0.1809730911245101
0.5266246553777777	0.5271912826252515
0.7045444022222223	0.7058926173680732
0.19339718328888889	0.19657767207920676
-0.9520918104888889	-0.9538332482296051
0.967713491288889	0.9680058050815492
0.45506120622222224	0.4444792762068935
-0.20468712666666666	-0.20398011165434674
0.10929532986666667	0.11247758234688503
-0.7414973936	-0.7421596717751265
0.9777576196	0.9779116196293042
-0.6965155145777778	-0.6908404673470061
0.40409663813333335	0.40431637663084097
-0.610063216	-0.6094643074344928
-0.43413387200000003	-0.43773522916817587
-0.45569661333333333	-0.4552516945554779
-0.4816613027555556	-0.4747301679515273
-0.9547051228444445	-0.9546107169107969
-0.6604048270222221	-0.6605607234026952
0.7495585991111111	0.7528696060931158
-0.8981410062222223	-0.9020486529396926
-0.8153549724444444	-0.8200782158308408
-0.44155443248888887	-0.4454447589248315
0.07038055844444445	0.06373668889245807
0.8295726674666666	0.835825070637575
-0.5575731296	-0.5630530939354929
0.495977208	0.49823610884195657
-0.89520006	-0.9028484969370284
-0.6920780554666667	-0.7149362760982694
-0.5130031658666667	-0.5089323861652728
0.7837910169777778	0.7826906734592012
-0.8023607264444444	-0.8005790995594996
-0.23666649773333334	-0.23839519738690093
0.7882503633333333	0.789023467390526
0.0182270488	0.017578646861605297
0.8261327533333332	0.8312107974663709
0.95824535	0.9578124063070624
0.5159759613333333	0.5100570428852949
-0.9348014009777778	-0.9405071556316146
0.9528405668444444	0.9591654938339744
-0.9249155705777778	-0.9303660770637713
0.39109959333333333	0.39030056864625373
0.0060868400000000005	0.0059365866629751095
0.9674058866666666	0.9675571475100354
-0.28172209262222225	-0.28103790808880763
0.26524125475555554	0.2662366092807038
-0.13487136302222222	-0.1353361792698774
0.8498677409777778	0.8480723878600834
0.9390675706666667	0.9404930366727227
0.21203134275555555	0.21358593237900178
-0.5845931798666667	-0.583641844429178
-0.09660340413333333	-0.09933672202643458
0.5634975298666667	0.5642821321367871
0.09186370306666668	0.09386717641315795
-0.6772430190666666	-0.6770930957567413
0.1592833248	0.1555285051478432
0.9354172053333333	0.9358254475499928
0.5680740832	0.5634575714163407
0.31040922937777776	0.3070459041566331
0.7369631827555556	0.7372285743956788
-0.5595859357333333	-0.5642209096421043
-0.2572948052444444	-0.2608469212510655
0.0826522784888889	0.09794731900982759
-0.8300801990222222	-0.8337385946125737
-0.7858050844444444	-0.7885450407769001
0.07139412622222223	0.07093509952462429
0.8841523714222222	0.883511278411337
-0.35033721546666663	-0.3459671002222976
0.06725344684444445	0.07364678543390676
-0.7736837165333333	-0.7726648316949467
-0.16282578613333334	-0.1503489167134244
-0.8230083644444445	-0.822452911603453
0.6203699911111111	0.6364094004289303
0.7517950488888889	0.757873841075163
0.9043068117333333	0.9086476047979586
-0.8762804314666667	-0.8825497658517232
0.1829676656	0.18318540052471247
-0.43316537057777776	-0.4314755364396035
-0.4583643151111111	-0.4560611521007178
0.41124075022222223	0.40899308400377254
-0.4453539698666667	-0.4449637855080889
0.14156124626666666	0.13860356270963
0.8878559961333333	0.8874977377039128
0.11483592711111111	0.11545757598737762
0.8273718951111111	0.8295136041079499
0.05994139991111111	0.055577894101021666
0.2528221248	0.24803787075930647
-0.3434255125333333	-0.3499476811844486
0.8972047486666667	0.8968712225252491
-0.5159953157333333	-0.5189774978360843
-0.125576096	-0.1184410114472231
-0.7953317088888889	-0.792606840552379
0.8695557564444445	0.8691787478488311
0.8369282773333333	0.8396291181581307
-0.016692021333333334	-0.01629312733644783
-0.6732741973333333	-0.6761446282101203
-0.2893475393333333	-0.28856505792676285
0.518753492	0.5188469894859224
0.35146496066666666	0.34991191564968666
0.9864398284	0.9881786214579931
-0.35219054666666666	-0.3369806692625693
-0.7885433553333333	-0.7908289550983539
0.7178487173333333	0.7198548757681933
0.9663006864444444	0.968203205774582
-0.1269257808	-0.12565179467769724
-0.6852706359999999	-0.6866827509608227
0.12902822346666667	0.1252427709226321
0.7202964983111111	0.7204005723569697
-0.8862733866666667	-0.8858349214927627
0.11878093653333334	0.12216432347315369
-0.9332983988888889	-0.9338959392356142
-0.63947556	-0.6353548440733471
-0.8856278626666667	-0.8850619912284446
0.12116631946666666	0.11992099118198267
-0.2735709129777778	-0.27336077180429286
0.3061289148888889	0.30916954821448905
0.13257491346666667	0.13106889712984915
-0.8286412177333333	-0.8326547678184659
0.33000194400000005	0.33572349650394684
-0.389776272	-0.38748266471332915
0.58658512	0.5862168659179622
0.32142359226666667	0.3214588748682898
-0.7194319118222222	-0.7178765547114874
0.45458231586666664	0.4564636810578439
0.5922792562666667	0.5938155748669353
0.8453607253333333	0.8453869431651748
-0.5090405618222222	-0.5089258234496459
0.9132112135555556	0.9131468632710567
-0.41726565120000003	-0.4169388076505811
0.4007923072	0.39947844424197265
-0.57045312	-0.5688529865821228
-0.36623115666666667	-0.3670224928524315
-0.32140468	-0.3162685595476759
-0.46156182560000003	-0.4616695829251534
0.7362423987555555	0.7392661495080152
0.9751629801333334	0.9755650199436717
-0.6298902156444444	-0.6369972813014212
0.8432312758222222	0.8448685786405253
-0.43943070497777775	-0.4441816251118819
-0.8359456637777778	-0.8386041088549024
-0.2890894550222222	-0.2883464579317808
0.6114593257777778	0.6158167489600715
0.33224279417777774	0.3388387640581297
-0.40246295013333333	-0.4072378617087344
0.11908203333333334	0.12411434286850426
0.9294244660000001	0.9303051025657872
-0.21527205266666669	-0.2146142825032457
-0.36072617777777777	-0.3599569584311598
0.4840975857777778	0.4895370894693244
0.49468804195555555	0.49368711433877294
0.6413616035555555	0.6404091736522574
0.83730836	0.8360548028353202
0.803729524	0.8020514105105395
0.9067229666666667	0.9092641977176621
0.24505112866666665	0.2529462813872167
-0.49166246453333334	-0.49136364877516653
-0.4470179604	-0.4466504660156463
0.3503023520888889	0.3505409930420891
0.8392343306666668	0.839540113767866
-0.7081039323111111	-0.707152657428049
0.6110642595555555	0.6133422625090085
0.19590860444444444	0.19729054795778672
0.7242570424888889	0.7271419823888192
-0.5228483982222222	-0.5249109691403657
-0.4488854129777778	-0.4498036877946681
0.8942256511111112	0.8940804224165391
-0.3326993510222222	-0.3368906362903648
0.326521754	0.3249943637157955
-0.9231906484	-0.9241468954498965
0.37763942044444443	0.3700391388356284
0.9805256675555556	0.9805763769551582
-0.169775512	-0.17065769569087305
0.8416969747555556	0.8402733792577599
0.3971928646666667	0.3947846279349056
0.6589126775555555	0.6651261962471653
0.920894902	0.9221027742915163
-0.7021025752	-0.7033174341185477
0.8642219681777777	0.8821110699737322
-0.7589636079111111	-0.7924312060716415
0.5367253191111111	0.5359687983607625
0.6931451235555556	0.6940316157495167
0.7896954168888889	0.7900530867297001
0.6196725819555555	0.6198241220134758
-0.6175769777333333	-0.6189003285052372
0.25611357213333336	0.25677192304679874
0.3387779929333333	0.3342648822955445
0.9484657457777778	0.9485510828849256
0.7055356283555556	0.7056169011152486
0.7062311781333334	0.7043559386267197
0.5718412303555556	0.5707911481354283
0.9084183495111111	0.9075815253168618
0.1277947175111111	0.1243291141992543
0.3838865428	0.3808157582686841
0.4178033328	0.4185251268402451
0.8834600097333333	0.8823950101315239
-0.05046095306666666	-0.023000636636230462
0.9216688858666666	0.9207909059779906
0.0524988448	0.05559869508116356
0.2250464679111111	0.22269075860333096
0.1623056128	0.1575482538374252
-0.4995610551111111	-0.5013856118422997
-0.44428464844444443	-0.44539633288658637
-0.3755421533333333	-0.3767438317848948
0.7571996240000001	0.7562011421585891
-0.4701620525333333	-0.46642055774591706
-0.49252062906666666	-0.4954366059133752
-0.5607680530666667	-0.55914993541695
0.029077732711111113	0.02831313554606991
-0.43621491604444446	-0.43598618162397434
0.6884251840000001	0.6876661840334597
-0.12110411733333333	-0.11602944663971541
-0.5531626666666667	-0.5596916590192553
0.5351210666666667	0.5310225895868836
0.31165729066666664	0.3144428535404601
0.6030941155555556	0.6015650623321884
-0.4673762524444445	-0.47062614590139384
-0.05453251848888889	-0.06266304187274245
0.8325517776888889	0.8338152391425401
0.7024898702222222	0.7026802216578242
-0.7512677179999999	-0.7522463807903903
-0.8776115073333334	-0.8781121582634646
0.7096516591111112	0.7060349999545968
0.9573417348888889	0.9582211183248905
0.9133407408888888	0.9136656803544173
0.2564413122222222	0.2559641974393377
0.857978556	0.8568896028742659
-0.3156377356888889	-0.3142935725365171
0.3946517773777778	0.3960200491643179
0.5861905833333334	0.5888855418379841
0.21507202777777776	0.21540035673238042
0.5678059444444445	0.5690642077624318
0.40088929333333334	0.39882596615810656
-0.5434373701333334	-0.5389592565136284
0.21572737013333335	0.22304273476311212
0.14847574942222222	0.1552929909667742
-0.8276697881777778	-0.8264204282864311
-0.7070783026666667	-0.7057812799835896
0.57530934	0.5727631755287613
-0.21710826293333332	-0.21078815135405315
0.969510709688889	0.9700326181195947
-0.9397102755555555	-0.941370502736857
-0.2836056728888889	-0.28119857783476615
0.9326213702222221	0.9336804480976961
-0.6612790488888889	-0.6570900896659297
-0.7156103256	-0.7121666491277424
-0.42233148337777776	-0.4137664524680567
-0.9341479967999999	-0.9322072813871856
0.8405757854666667	0.8360962391214247
0.38123967999999997	0.3858003479963613
-0.8886042097333333	-0.8869612167160876
0.7572328912888888	0.757187611774212
-0.12761318542222222	-0.12498593278149361
0.8979761054666666	0.8987853714746856
0.763728504	0.7654505385955958
-0.12304811680000001	-0.12374379619492522
0.2997732208	0.29854758135293563
-0.5814904377777778	-0.5803450258022619
0.26328084533333335	0.2578480410570918
0.41384894	0.415646789639745
0.5832728207111111	0.5817302571509303
-0.6235207850222222	-0.6246154979043916
-0.7637063861777778	-0.7637331272847747
-0.24534954737777775	-0.23681792782829703
0.9332701793777778	0.9329544850526296
-0.14442025075555556	-0.1431244382424363
-0.9481185835111111	-0.9472317639373863
-0.35301408284444447	-0.3520596502393841
-0.1068011968	-0.10566592120622856
-0.07419380906666666	-0.07515848021811106
-0.6595146645333333	-0.6577996656142554
0.15173419355555556	0.14851642540978088
0.3310139322222222	0.3323245785164693
0.6154928682666667	0.6160256229850182
0.6442436679111112	0.6416461997327929
0.5895334594222222	0.5942312766217992
0.7536285553333333	0.755433109962891
-0.6207205674666666	-0.6216187308394947
-0.05154100071111111	-0.052328066569496255
0.41662351364444444	0.41675915245884004
0.3134609560888889	0.31510584111491646
-0.14639031822222223	-0.14642920798663972
-0.5505800498666666	-0.5506303161202362
-0.08622926062222222	-0.08548520679005459
-0.362542316	-0.36191913655157143
-0.9197867896888889	-0.9200511574826011
0.5255977730666667	0.5325252931182222
-0.13398189582222222	-0.13615840849686614
-0.9202756548888888	-0.9229155606153938
0.14908372666666667	0.1487674052663959
-0.31896393342222223	-0.31941796768493946
-0.917954834311111	-0.9184423232317421
-0.21070156248888888	-0.21019999518152552
-0.9436664803555556	-0.9453588418335265
-0.5155901849777778	-0.5163579546747532
-0.5901124056	-0.5915845852789512
0.040101851377777775	0.042306981970962936
-0.8321537555555555	-0.8568796421269899
-0.8715212600000001	-0.8891728096547712
-0.9302844866666666	-0.9299898736841749
0.8094368337777779	0.8097095290245765
0.10873129822222222	0.11306290525269079
-0.8940995792	-0.8932468167458028
-0.8220542862222222	-0.8256948640890585
0.6629054833777778	0.6620577396661919
-0.7718597617777778	-0.785751486939708
0.3187288622222222	0.3292977073037141
-0.8493856208888888	-0.8505340446460237
-0.7535523767111111	-0.7549729820375038
0.23032967431111112	0.2383916833696765
-0.41273515377777775	-0.40547028066376983
0.9374054414222222	0.9378426326385617
0.6115700322222222	0.62506188161995
0.6205360044444445	0.6316390406551767
-0.8188262742666667	-0.8200144059108282
0.22352012799999998	0.2320598069392114
0.9565983891555555	0.9580895494119587
-0.6981811274666666	-0.6960910991583542
-0.2247696967111111	-0.22332200958987625
0.4657766177777778	0.4650013955163255
0.6245635533333334	0.6258038455291006
-0.9800391333333334	-0.9809818678125339
0.0096684816	0.016375792071007082
-0.7080002223999999	-0.7069875658457166
0.731367146	0.7368905216315753
0.8206883517333333	0.8227319413526433
0.4786645093333333	0.48061646766902943
-0.18128781702222224	-0.1804393738832345
0.48406200204444444	0.48312688085145683
0.19261328733333333	0.19159561166021702
-0.4589430121777778	-0.45933492357629174
-0.7002926072	-0.6889252488347751
0.38837920346666666	0.3866107792136472
0.14349207973333333	0.1430669690854878
-0.4645291473777778	-0.4622683518689893
0.7338162104888889	0.7319561015370734
0.11144462222222222	0.12247592457302907
0.38713018453333337	0.385882113182729
0.7400696277333333	0.7388053908091924
-0.43395329848888886	-0.4425489576680093
-0.4345312824888889	-0.44354386828505465
0.7386032519111111	0.7427615784389523
-0.23589433777777777	-0.2346060551967696
-0.6321970944	-0.6326412170330183
0.4225062104888889	0.42484867541693155
-0.5890781834666666	-0.5952644156219615
-0.7189283342222222	-0.7238298533634897
-0.7579680031111111	-0.7559024767574319
0.5194761588000001	0.5195830724104499
-0.10131067844444444	-0.10151392988634866
-0.6349221089333333	-0.6283188977436132
-0.4978708933333333	-0.4855615578081788
0.9220776946666667	0.9217900664617024
-0.239001654	-0.2349164952619808
0.9611513605333333	0.9621887816892977
0.8379149734666667	0.8362689281556638
0.8226140117333334	0.8227491184038428
0.9171568261333333	0.9160436728146986
-0.7479817546666667	-0.7515523522672537
-0.43515955866666667	-0.4294846676061505
0.28795658915555555	0.28872706824179534
0.37116743506666666	0.3696341378671787
0.045874686222222225	0.04122918017462167
-0.9236519697777777	-0.9230129023484114
0.5636867893333334	0.5631024721183843
0.3017653786666667	0.3015357735446859
0.8857521884444444	0.8842746215670851
-0.5462641438666667	-0.6336103056022575
0.9371339829333333	0.9368810896733197
0.9652881733333333	0.9656299181342478
0.013458478933333334	0.012653399851222037
0.3733297466666667	0.3673981908523421
0.324178744	0.3242565710439992
0.7654020784	0.7652838586047694
-0.6697567757777778	-0.6700313873641706
-0.6159645875555556	-0.6183150280286109
-0.22549627844444445	-0.22092002353186324
-0.7636915817777779	-0.7649138450613101
-0.013777474933333334	-0.017030230729562352
-0.34518013066666664	-0.3467181025109176
0.4486798174666667	0.45122863489086196
0.3019204654666667	0.3037555256459624
-0.4996273008	-0.5010328278400495
-0.06805285884444444	-0.06915248370875776
-0.39339375186666664	-0.4020122159297696
-0.8272819349333334	-0.82970227404419
-0.5555647276000001	-0.5557306334685922
-0.5051890667555556	-0.5035449995582054
-0.06591073928888888	-0.06112666367969275
0.8786754930666666	0.8779781410401726
-0.5995392053333334	-0.5966482393858764
-0.5455841224	-0.5489091033495715
-0.6816436492888889	-0.683293130428223
-0.9256155505777778	-0.9245602461279412
0.3192378224444445	0.31265052655098535
0.08700752906666666	0.08603527326208985
-0.07217128026666667	-0.07632231879554797
0.7117477403555555	0.718009513676808
0.9626585465777778	0.9639614902994659
0.23353298666666666	0.2418599708280539
-0.545205836	-0.5472524775114302
0.625024806	0.623821710911936
0.17459438728888887	0.17608446087695886
-0.6095757970666666	-0.6070728693013222
-0.23388839386666666	-0.23123668977110598
-0.8924651125333333	-0.8949232935944376
0.7071533301333333	0.7080760232114321
0.7925189634666666	0.7928834800445034
0.3902648554222222	0.38917696201364715
-0.8695143698222223	-0.8694854765264102
-0.8725399578666667	-0.8716806883612702
0.5000755994666667	0.5146031329825265
-0.49333154871111107	-0.4934645196359512
-0.5882971383555555	-0.588470840203882
-0.9552247571111111	-0.9555354184527016
0.4096286023111111	0.40943154158290035
0.1628444536888889	0.16479953372550446
-0.8753708191999999	-0.8761246612746986
-0.8665657573333334	-0.866177511436372
-0.2559659303111111	-0.25484655986165355
0.01945576888888889	0.025177610300762775
-0.9569202045333333	-0.9582057178848983
0.2652272324888889	0.2740098916693923
0.6058540301333334	0.614823679405404
0.28605847253333333	0.2972824154479168
-0.8735843285333333	-0.9999999999924923
-0.49545818262222224	-0.48826703156670476
-0.9787805314666667	-0.9781005914412588
0.4397702916444444	0.4329990959375469
0.8937124	0.8930422760974
0.8210111422222223	0.8211663935419041
-0.17189809266666667	-0.16886303065633815
0.9720920682222223	0.9724779861099229
0.48343920333333334	0.47792122871498643
0.3521664704	0.34760255877627544
0.6948038353333333	0.6913099611234373
-0.7182001693777778	-0.7166699522403145
0.9034022600888889	0.9048353813339727
-0.11732771244444444	-0.11666122183380294
-0.2749867582222222	-0.2730841611974075
-0.72093636	-0.7229458932011295
-0.4359686504888889	-0.4379558848871465
0.219224274	0.22087933868974174
-0.4923810195555555	-0.4928013865640467
-0.28820422977777777	-0.2880370373831271
-0.7751830698666666	-0.7754693564868673
0.7255799168	0.728038062499607
-0.02054911146666667	-0.022142950868276244
-0.30772534844444444	-0.30463544548283555
0.25469206946666667	0.25241611745259934
-0.07864001475555556	-0.07926503451446774
0.010018891022222223	0.009019191373747612
0.3501481391111111	0.3578775514067889
0.5010291249777777	0.5030412023060915
-0.899428870488889	-0.8993358923859898
-0.7665445294666666	-0.7686360917106273
-0.9671722053333334	-0.9675652854705121
0.754000898	0.7553280047831223
0.8239482417777777	0.8239833962591344
-0.6503236927999999	-0.650856057981777
0.41921360746666664	0.40994814331229795
0.02800653511111111	0.030024550221588987
-0.11943999555555557	-0.12055721256705312
-0.4462873932	-0.4467030401567838
-0.10382091004444445	-0.09927034620400244
0.1451309162222222	0.14487243170481856
0.5360166112	0.5398761097532336
0.0445371044	0.0405907934938751
-0.7872420666666666	-0.7914058144957907
-0.9872657626666667	-0.9949322249241479
0.9059897159111111	0.9108788267558202
0.9811592981333334	0.987490922830291
0.336502128	0.33652481832676373
0.4662983342222222	0.46277678605427996
0.4584958311111111	0.4565141444889465
-0.3793396440888889	-0.37831243320777497
0.042638227555555554	0.04499157993272696
0.43160457671111113	0.43173688543400013
0.7455791333333333	0.7449863814729145
-0.005641308444444444	-0.007542658646428516
0.5454225541333334	0.5531421044858652
-0.058432470933333334	-0.06951624123766555
0.8767199092444444	0.8763262909504069
0.8508120186666667	0.8521978235294375
0.4193212986666667	0.4268498992815924
0.5079312106666666	0.5097104519347719
-0.3835698533333333	-0.3869077324278963
0.5671620757333333	0.567102224270603
-0.5693644545777777	-0.5758600964577644
-0.9492128858666666	-0.9500154447665178
0.8847118218666666	0.8862862349363918
0.7477349685333333	0.7525228131501022
0.4826064957333333	0.47927409453022374
0.9712366005333333	0.9714265147300086
-0.10415118071111111	-0.10351977944374882
0.07031167946666667	0.07345656249215478
-0.4724633936	-0.4735892999759792
-0.04197842595555555	-0.04166786860483064
0.009310127466666667	0.005471458675946719
0.5615771486222222	0.5625072644604443
-0.3715930954666667	-0.379423240444934
-0.9506374269333334	-0.952114742312488
-0.2791060984	-0.27456177939708687
0.9426787524	0.9434824213112335
-0.2811242478666667	-0.2710801172231604
-0.9829419338666667	-0.9835913429992101
0.1680929362222222	0.16640404574048595
-0.9740887032	-0.9815018379546718
-0.8811518543111112	-0.8863609603962671
0.8928670887111111	0.893138396955686
-0.08883490862222222	-0.0929049797240996
0.6348389175111111	0.636162792332231
0.6007915288000001	0.6039457096913443
-0.24623052599999998	-0.24138439370680975
0.7836104146666667	0.7839410513190168
-0.900286932	-0.9000260480430874
-0.6258797195555555	-0.6249552235250662
0.786397432	0.7888183833163431
-0.23046631662222222	-0.22976623054412448
-0.006009364533333333	-0.010500975340528596
-0.8660316842666668	-0.8674669188032672
0.8921998782222221	0.8929460645136787
0.3221986462222222	0.32430314434851026
0.18618289106666666	0.18486383496978825
0.9756131925333333	0.9757818858500544
-0.30505569306666663	-0.3053989382517296
0.6581850741333333	0.664933828253377
0.9169782613333334	0.9225137326118132
0.181688088	0.19142608439054132
0.7143111008	0.728939000874265
-0.7113281163555556	-0.7127801681569433
-0.5250027160888889	-0.5293408965663571
-0.5247932050666666	-0.5285404213017681
-0.8844711028	-0.8843157798496414
0.1217014084	0.10779044142552287
0.5666692269333333	0.5679120132321976
-0.6837532750666667	-0.6957840092444129
-0.6280684283111111	-0.6414811377426125
-0.6973894186666666	-0.6908343084066788
0.9106570204444444	0.9101254424688661
0.22544613360000001	0.23004917080667517
0.5995158841777778	0.5939791064669746
0.9192893506666667	0.9204534023644647
0.734888	0.732867458464167
-0.5362896053333333	-0.5403372007503949
-0.7898307424444445	-0.7904897824863616
-0.5142512146666667	-0.5149205435148233
-0.3300651207111111	-0.328164376667447
0.5651220307111111	0.5675466699939016
-0.7281810740444445	-0.7282701130124601
-0.8449666781333333	-0.8435305181902026
0.055223200711111115	0.060984645614262235
0.5359652848	0.5364014473206499
0.15439486853333334	0.15714323280502956
0.31067879546666666	0.3094966633446569
-0.18141019786666665	-0.17762978615598538
-0.9036549103111111	-0.904985949002416
0.010990762044444444	0.008813735668738708
0.5871610782222222	0.5961791654874131
0.21360534844444445	0.2219532060281703
-0.06407171786666667	-0.056213991021213085
0.2606575164	0.2713965801979327
-0.9572579178666667	-0.9575725023079883
-0.2745634053777778	-0.27275659709386807
-0.3909564186666667	-0.38669922597503537
-0.36373015293333333	-0.3590622381359614
0.6380976700000001	0.6468504552804426
0.5839745966666666	0.582832746262239
-0.4042046492	-0.4029946221609881
-0.156548078	-0.1589077761974434
-0.0823842392	-0.0832094185450016
0.8665826241333333	0.8671349718905029
-0.2970074808	-0.2952931172318502
0.41130892880000003	0.40783887461183604
0.38753992293333334	0.38988550688420687
-0.6946697637333333	-0.6931868986870947
0.52059793	0.5309217080385057
0.9539845132444444	0.9574662150238208
-0.5080745357333333	-0.5098707066164853
-0.1620446920888889	-0.1556626673801094
0.7433892464888889	0.7437725729610509
0.7440588291555555	0.7462290443332695
-0.23512679111111112	-0.2426214157832149
0.5340192133333334	0.536024895005943
0.5129935669333334	0.5147276540842265
0.7618724330666666	0.7628463336792997
-0.36189673017777774	-0.3553584022017087
0.39005741457777776	0.3869036888166696
0.9073267624	0.9073446661020259
-0.4016491141777778	-0.40875612492684377
0.04534801777777778	0.042032720157539435
0.7150464669333334	0.7151924799675646
0.023880619999999998	0.016015573749535918
-0.16596944666666666	-0.17701677487787326
-0.9122981066666667	-0.9122475723541617
0.8566708704	0.8566832354440871
0.33690858560000003	0.33807282788630233
-0.6181886933333333	-0.6153056481530934
-0.9125153063111111	-0.9128487127260435
0.8678746615111111	0.8741932621679419
-0.042025312177777774	-0.04258115319292887
-0.023759924177777777	-0.03708962896043763
0.5640498221333333	0.5655218763151582
0.3467365704	0.35234831342174744
0.3016985325777778	0.3000599685797177
-0.9219706076444444	-0.9236581877717217
-0.6456541816888889	-0.6508162587877591
0.6361192897333333	0.6371121610726224
0.8480934602666667	0.8466558220774311
0.30907564253333336	0.38233560571822817
-0.6143875574666666	-0.6570278923275368
-0.9334701203555555	-0.9999999994868635
-0.8988034536888888	-0.9999999989927869
-0.06174347911111111	-0.0679225570673018
-0.9439440185333333	-0.9432289429120411
-0.2766427901333333	-0.27366591542264024
-0.3346785624	-0.34515039408042
-0.49873629306666667	-0.501285523919182
-0.7348973855111111	-0.7364607191587694
0.259036424	0.25559130874775343
0.42263297133333333	0.4215215002008633
0.5208285532444444	0.5190962239355452
-0.11968938595555555	-0.11828300767292374
-0.5211655725333334	-0.5247991997595217
0.6160454085333333	0.6195085991804689
0.03704406106666667	0.030586971532572026
0.20211845688888888	0.20558986231596413
-0.981982585111111	-0.98184841850182
-0.18987527377777777	-0.2039245392021147
0.9881637696	0.988063693931934
0.4897464149333333	0.4804517115656416
0.6984727513333333	0.6963758072584967
-0.5453335722666667	-0.543265333362799
-0.16290671293333334	-0.1560131457277144
0.37246995493333335	0.3815429109334063
-0.6983944103999999	-0.7043331932005729
0.34197726266666667	0.34528467343689084
0.6429028003999999	0.6415647868388517
0.07473679226666666	0.07031237127342525
0.41889900106666667	0.42179506319759064
0.6199103410666666	0.6198354164758242
0.8529763994666667	0.8554370545426594
-0.45197624862222224	-0.4489544968877835
-0.29676653982222223	-0.2951078079644425
-0.17844530062222222	-0.17936112730079862
-0.20905964657777779	-0.20763918012868984
-0.06853798542222221	-0.07344508928811407
0.08753762631111112	0.09264457307919827
-0.9324162734222222	-0.9326073022782042
0.014300467733333334	0.00997706476043709
-0.29823537440000003	-0.29879637866454023
0.16525761706666667	0.16794888952110698
-0.9259179804444444	-0.9259482089092811
0.1993303502222222	0.18146289874389887
-0.36702173955555556	-0.36652405164752067
0.17574978266666666	0.16188064986271317
-0.31191740906666665	-0.3185076026354095
0.8353459202666667	0.8369379599533535
0.21046390622222225	0.21126541312876254
0.8992776476444444	0.8992586037504007
-0.1772591696	-0.17220649376788752
-0.12734859813333332	-0.12606962613798112
-0.8439525367111111	-0.8440217764375926
0.5550058261333333	0.5553748348349655
0.0176442944	0.02497144868744044
0.30118797804444447	0.3057638015080406
-0.814791216	-0.8162132121057578
-0.21085627937777776	-0.22091204776406326
-0.41222557964444445	-0.41429081904264975
0.07925485106666666	0.07960000519634426
0.045203876266666665	0.044568092643206464
0.8179536490666667	0.8165800274065486
0.25554096053333336	0.25515440081873786
-0.6940918128888889	-0.6934272332488681
0.7052123648888888	0.7048263674035142
-0.24837024662222223	-0.24725218283411157
0.5544925188444444	0.5559845094242126
-0.004766657466666667	-0.002654153901200862
0.7579208717333333	0.7587607694715887
-0.006992098666666667	-0.007613944484261786
0.4614007253333334	0.46120521368786166
-0.2915575712	-0.2962894861280508
-0.9482557796000001	-0.9999999996216453
-0.9314020603555555	-0.9328001938731909
-0.9170808275111111	-0.917991817593437
0.2631993371555556	0.26089761113275034
0.8681911611555556	0.8677692979048666
-0.2602824177777778	-0.2592387843786171
-0.7358012753777777	-0.7395650252326778
-0.3313147023555556	-0.33135027220522933
-0.3917714150666667	-0.39129030781414625
0.3599771047111111	0.3586828170138833
-0.32483346306666666	-0.3295406286072456
-0.20146115653333332	-0.2017587940635666
0.4062047713333333	0.4086546179865956
-0.8998828656	-0.8995323645805086
-0.21824864373333333	-0.22262139581962614
0.24879346786666665	0.24966796351206766
-0.2762667477333333	-0.2768206807404566
0.0941845404	0.10709916986912749
0.7198638865333333	0.7227591256635716
0.5606799622666666	0.5594193148005797
-0.0770213579111111	-0.07631002189434913
0.8889410029333332	0.889419860286749
0.9588107184	0.9606882330576564
-0.08725009866666666	-0.08937164196597022
0.6027974528	0.5999483667601783
0.027715642266666667	0.03435351694414182
0.14210312115555557	0.14277786014016375
-0.6596081666222222	-0.6599995816670805
-0.8268079516444445	-0.8239769472064273
0.19543209386666666	0.18720140249345785
0.3487840554666667	0.3597000403340846
0.9740198129333333	0.9772103961907014
-0.9470971166666666	-0.9481882383804158
0.8967290200888889	0.8968852455951916
0.9704260423111111	0.9706983660007781
-0.6207687468888888	-0.6232800732526057
-0.6754650391111111	-0.677590872187244
0.679298816	0.6786450788500239
-0.5218739555555556	-0.5203640256666964
0.4216220882666667	0.4236634001408106
0.11016931773333333	0.11270340535497858
0.5327986874666667	0.5355992591720826
0.27101542613333335	0.27041057327493234
0.7671061596888888	0.7668736594013323
-0.08072554693333334	-0.07938227549840993
-0.42010037466666666	-0.4165538150324679
-0.588762016	-0.5893343605732764
0.7241716254222222	0.728210614926654
0.9933056746666666	0.9965696810982448
0.225339848	0.24840663892476822
0.15436654133333333	0.1538526631939349
0.33637020053333333	0.33819429324436423
0.3872657978666667	0.38747941091308097
-0.2783961189333333	-0.2800558302465663
-0.6815838488888889	-0.6815494574769638
0.7455346137333334	0.7439968391746998
0.7111651552444445	0.7165618264994408
0.09592913226666666	0.09941178785671478
-0.43272970115555554	-0.42983563919736717
-0.37991314591111114	-0.37882050883418283
0.06100538444444444	0.058478854401100275
-0.1764133143111111	-0.17744386583943042
-0.36500720319999996	-0.36515522638830783
-0.4215486149333333	-0.422500641029817
0.9296449706666666	0.9300335330082005
-0.18490225244444444	-0.18464547666318315
-0.5706676602666666	-0.5708952980071973
0.6426559055555555	0.6456333123757185
-0.9212530611111112	-0.9999999999999996
-0.6577216311111111	-0.6574618409885119
0.24272628444444444	0.24326526969049217
0.28373296755555555	0.2788998061798348
0.9165898164444444	0.9156850423140684
-0.7935589891111111	-0.7942433999908421
0.6564184945333333	0.6612862730026431
-0.9851292696888888	-0.984958283597486
0.3108571461333334	0.30939792678606254
0.7255705454222222	0.7265349977507553
0.19869321333333334	0.19797542056454082
-0.7764908626666667	-0.7770983620285321
0.6024875525333333	0.6090525825918083
0.9469300176000001	0.9491249603398352
0.835463104	0.8353917983907984
-0.9640836661333333	-0.9635638055093151
-0.946321752	-0.9460936105621209
0.6245447370666667	0.6267740753142093
0.9437833989333333	0.9434362452399248
0.21318436666666668	0.21949884625411403
-0.8710379605333333	-0.8810748308916877
-0.5644397512	-0.5610705143078566
0.5908178328	0.5928624089128469
0.5769897457777777	0.5762338661523994
-0.9459583707555556	-0.9466862757120594
0.20029350373333332	0.19629074124959323
0.9252305485333333	0.9256261571725374
0.3117296252444445	0.3079945385247264
-0.9751190753333333	-0.9730255281955215
0.9630961845333333	0.9623739816568497
0.5770875097333333	0.5796591368224656
0.677837715688889	0.6818507471746387
-0.5171426707111111	-0.5216426713818926
0.6288317062222223	0.6266586208038277
-0.8927212343555555	-0.896452134167008
0.708787561288889	0.712958909223761
-0.5466633144888889	-0.5481250856044614
-0.5054451965333334	-0.5040641785035248
-0.8779566176	-0.877246581247125
-0.2107976176	-0.20125531476994932
-0.46358231573333336	-0.46025924199429263
-0.6966364642666666	-0.6981509650131774
0.30819546373333334	0.31022521741461145
0.0027536634666666666	0.006915032125208291
0.5711592508	0.5716726642463281
0.7779362170222223	0.7785580096629002
0.7988350966666667	0.8136003947205093
-0.17726806906666667	-0.17321298824266784
-0.0427509728	-0.044917152985504284
0.26287160177777774	0.26113872477533656
-0.20302369422222222	-0.20523802718617845
0.7956332928000001	0.7966913436092677
0.8282323626666667	0.8265275078176675
-0.8864590133333334	-0.885506800575408
-0.7580977473777777	-0.7570459358564336
0.2803144932444444	0.2782998601606694
0.7763688838666667	0.7763033261872206
0.9203856196	0.9195818019374036
-0.7352394925333333	-0.7348874463342198
-0.3947959116	-0.39802780226691636
-0.6704377277333333	-0.6731536072636416
-0.31555379573333336	-0.31791669302616876
0.023504515466666667	0.02580323634305058
-0.8606614414666667	-0.8613319690222389
-0.11672504204444445	-0.12388538320313627
-0.6998468399111111	-0.7004058072073294
0.6507746445333333	0.649807643057359
0.4046764469333333	0.4079403379211771
0.17531020133333333	0.17494130683502548
-0.6949319753333334	-0.7005486400263234
0.6139602722666666	0.616803996465556
0.9192036075555556	0.9189534715385732
0.3124276333777778	0.3174566446549497
0.4845864218666667	0.48696610113255717
-0.6866740693333333	-0.6825460872581779
-0.7648612693333333	-0.7652245505541844
-0.15701064533333334	-0.1563194239385267
0.5335664835555556	0.5544705456006006
-0.9127990776888889	-0.9999999999959392
0.3086457265777778	0.30735753204385263
0.7598128483555556	0.760918692398947
-0.8822082846222222	-0.8850278065777339
0.5576264676	0.5524443602198547
-0.8069667170666667	-0.8091663787289142
0.16471124426666667	0.16468342853961757
-0.9081165082666667	-0.9074888463786761
-0.7638467594666667	-0.7656214057679012
0.8096548757333334	0.8134826726979992
-0.7275551456	-0.7348654883083162
0.5173333644444444	0.5182831154963504
-0.59523518	-0.5963669226404356
-0.34927874239999995	-0.3475189618597093
0.8952624461333334	0.8959415258367314
0.0607268912	0.053367981558072215
0.14614896106666667	0.14682144396051935
-0.05354870951111111	-0.05312116313918749
0.8881607279111111	0.8875676421537965
-0.3021628064	-0.30035495305069565
0.2579800576	0.2623389462682076
-0.1422573877777778	-0.1386643356946668
-0.38221616133333336	-0.38271245398349674
-0.0408069112	-0.04215262002557006
0.7186669962666666	0.7180162406927141
-0.17909938755555554	-0.17636469696869111
0.9741970986666667	0.9750266250026418
-0.3551144657777778	-0.3549139744298683
0.42947759333333335	0.4326113897928757
-0.09538126000000001	-0.08759422968168558
0.9211219533333334	0.9201491269005606
-0.6490190168888889	-0.6492102895312013
-0.35189783217777776	-0.3529831989872814
-0.7285955242666666	-0.7304996254934409
0.33159871146666664	0.33342065717629493
-0.9689302554666667	-0.9695496168248804
-0.8116866457333333	-0.8113919145797919
0.4520613787555555	0.4550513827257969
0.6062158814222223	0.6055884080426279
-0.8333894178666668	-0.834134420422883
0.13140225066666666	0.13826036964882707
0.4173900842666667	0.42066159530538993
-0.27457053746666665	-0.27714032686329826
0.3666114201333333	0.3717831093087126
0.5719057261333333	0.5761396776178836
0.7356194389333334	0.7380934335692886
-0.5139610834666667	-0.5102962404518807
-0.1548411369777778	-0.15090131919314304
-0.20780236155555554	-0.20479032215673124
-0.5773243293333333	-0.5775010358473072
0.28246942906666667	0.278980962805638
-0.6268632158666666	-0.6263702557540828
0.0726085231111111	0.07787940057811944
-0.7609425870222222	-0.7610085625563118
0.2666677162222222	0.26443946656761896
0.9399423306666667	0.940017020711632
0.09033661066666666	0.09053665440292764
0.7443910597333333	0.744234188044056
0.5598196542222221	0.5678108244399291
-0.5708981592	-0.5704801503120766
0.23717936426666666	0.23874510894938342
0.5225961792	0.5234331679811968
0.2706704486222222	0.26904307253155313
0.6805393212444445	0.6808442789497623
-0.14956395391111113	-0.14279937354297564
-0.7554231251555555	-0.7555567355315558
-0.9004946535111111	-0.8967806291557138
0.8713209352888889	0.8703142016595943
-0.4537235188888889	-0.4523543679368434
-0.33496311733333334	-0.33304893380433015
0.8744404499999999	0.8752360871642098
-0.48409948697777777	-0.4854178098152388
0.7576827316	0.7579591054726301
-0.596675352711111	-0.5969649794100496
-0.7349938690666666	-0.7376413778010636
0.8988660258222222	0.9009250138037632
0.8684008016888889	0.8683972869129046
-0.8120958997333333	-0.8112622093271825
0.05599985564444444	0.06026941908611683
0.5052388454666666	0.5126311683576202
0.8327381363999999	0.8317309677860865
0.42042792533333334	0.41969940186559535
-0.17652001337777778	-0.18416941361643874
-0.1320592320888889	-0.13212915757815086
-0.9141265669777778	-0.914882313693184
-0.9435500131111111	-0.9440940003607701
0.37407728497777776	0.38484958003696645
0.8312304017777778	0.8300624940301113
0.16085687653333333	0.15785905307739737
-0.9131619656	-0.9140182533959834
-0.4274326464	-0.4286090257048327
0.6140736853333333	0.6109859598948271
0.8452471159111111	0.8472185136874032
-0.4730591848888889	-0.4723123624573063
-0.004773554	-0.004716355898451272
-0.032356326	-0.032860386214500575
0.29523476444444446	0.29414683697847926
-0.6373950088888889	-0.6382730903375077
0.4759598984444444	0.47519936865137713
-0.31965666253333336	-0.31733456236761703
0.8080616716	0.8112644250619648
-0.20169195493333333	-0.22019329215128502
0.09985311026666666	0.0899651249573254
0.7309236133333333	0.7336729810671908
0.10691000524444444	0.11351896902154522
0.6891223409777778	0.6889484793681686
-0.47257390853333336	-0.47578570096751666
-0.1550605712	-0.15220383480919195
-0.6392082225777778	-0.6389761698963018
0.6545422333333334	0.6535039673871141
-0.8927341582222221	-0.8957951236191377
-0.961331648	-0.9637919636082641
0.8468712197333333	0.8463855212332386
0.9526534072888888	0.9516243550903517
-0.41750730773333333	-0.4198387521311324
0.5516410866666667	0.548360219002291
-0.9365276515555556	-0.937779274689516
0.930432512	0.9309282448123408
0.6308828302222222	0.6244276328817193
0.7734083413333332	0.7738157900813114
-0.05769740586666667	-0.04081149800083916
0.11117418817777779	0.11126734512559397
0.2369149900888889	0.22402587556890305
-0.5581484829333333	-0.5647325349258108
-0.7314722292444444	-0.7315617802112582
-0.7419890616	-0.7422389468543915
-0.8635587039999999	-0.8633501683734188
0.015964198933333333	0.01820626082854435
0.6490549321333333	0.6485327826793028
-0.26818306319999996	-0.27153225740888853
-0.6649033287555556	-0.6676394509882883
-0.3802233727555555	-0.3842807189279138
0.31220331906666665	0.3040181794460455
0.8019783801777778	0.8282346580953217
-0.07078651622222222	-0.07360317563446234
-0.14760994884444445	-0.1535481522337458
-0.10879480706666667	-0.10964033405891264
-0.09562570111111111	-0.09457797534772623
-0.8977078983111111	-0.8977458326356492
-0.45187064764444446	-0.4544758426581593
-0.6602151516444444	-0.6600736130295998
-0.3573379334222222	-0.352182557685649
0.49598415399999995	0.4997751842667865
0.6930503452000001	0.6988127083763481
0.7207681113333334	0.7252338284676333
-0.6185782398666667	-0.6202673064141545
-0.6321412870666667	-0.6363725925213576
0.8784339989333334	0.8783113345912741
0.5618043114666667	0.5624965277427104
0.8836875533333333	0.8859952514042272
0.7600694491111111	0.7451671460802498
-0.032591857777777775	-0.039261872570092414
0.7115637960888889	0.7101740643639132
-0.4386703304	-0.44259132365616344
0.6466086912	0.6463711027430424
-0.6878535992	-0.6883098872685156
0.8211688973777778	0.8258764106226324
-0.0226722724	-0.024096030757492306
-0.45009544560000003	-0.4469798741714331
0.5082440045777777	0.5082357401031479
-0.9699523007111112	-0.9696015860254884
-0.35029620693333335	-0.35139218627354357
0.023670780399999997	0.0043403622949282
-0.864987186488889	-0.8661925372301178
0.4990464056	0.500214668056854
-0.7134199201777778	-0.7139055528345497
0.11807557395555555	0.12176953096340806
0.6071558666666667	0.6059936922787511
0.1370064168888889	0.13769133486032878
-0.7422235133333334	-0.7415690423710201
-0.9493021400888889	-0.9492744411050035
0.21820408053333334	0.21731859085033353
-0.5589045912	-0.564388767147074
0.4790579045333333	0.47902309454716535
0.6351913641333333	0.6341845211076381
0.752398668	0.7590260218887181
0.2163878689777778	0.21389875841384504
-0.7183082062222221	-0.7192586004992269
0.1276448723111111	0.12913840028326776
0.18080316444444444	0.1682203529375346
-0.23086545777777778	-0.2249063102554141
0.8327115609333333	0.8356223964235728
-0.9775418417777778	-0.9799528371862929
-0.9538174354666666	-0.9571517037061508
-0.8587370147111111	-0.857972529668495
0.3360650632	0.3318578090086517
-0.7489796741333333	-0.7496085692098059
-0.34649973733333334	-0.34464002465723703
-0.7159931107555555	-0.7153140874865905
0.8145059839111111	0.8124493163362683
0.008960608266666666	0.006998024622258584
-0.9754005913777778	-0.9756352510227548
-0.22261662431111112	-0.22288080189384646
0.7652081583111111	0.7661904101535341
-0.8986485554666667	-0.900596330701788
0.5148876537333333	0.5152318117721085
0.17860488933333332	0.1829856497076671
0.15143793066666666	0.15305193172435014
-0.8012849998666667	-0.8028706656154561
-0.2570738336	-0.24794129132809697
-0.14950833786666667	-0.14841476983332513
0.8012700712	0.801575375724835
-0.8405821205333333	-0.8390091792023817
0.6120615530666668	0.6099159741377258
-0.048669625599999995	-0.06533380255743683
0.4095677608888889	0.4082692552249798
0.45903483959999997	0.4659957280066209
-0.07234220333333334	-0.08260481295153223
-0.3539270833777778	-0.3540319167498355
0.45115957226666664	0.459852823265748
0.35509757782222223	0.3545726147198042
0.8031841302666667	0.8010646089811652
0.2526107112	0.2447887217096222
-0.7307916908	-0.7293320998672769
-0.5369825904444444	-0.535186730074102
-0.34184840022222224	-0.33450265399727624
0.35333860720000004	0.35349237977701803
-0.05649440226666667	-0.05216531928079468
-0.7137219638222222	-0.7138857732975272
0.0718814512888889	0.07144686240522666
0.9121204977777778	0.9117358400522086
-0.6390152586666666	-0.6351839255474819
-0.6019580968888889	-0.6064758862083472
-0.23064513644444445	-0.2341473715789493
-0.6497418476	-0.6524741868837689
-0.5831378338666666	-0.582159604508602
0.6759623326666666	0.6813801878011455
0.56024714	0.5592379846445231
-0.0019772040888888886	-0.0018363045036435728
-0.3460131057777778	-0.34466719716943994
-0.590584667111111	-0.5943047011640964
-0.28274139777777774	-0.28684191457218783
-0.1603831348888889	-0.163694870504725
-0.5049430734666667	-0.5079693924671554
-0.18750605475555554	-0.1878628772577096
0.9249001872	0.9258235434009968
0.07280864226666667	0.06964962864234316
0.41126085186666667	0.411681725934469
0.27047923733333334	0.26878842159840904
-0.4588442942222222	-0.4619037631406039
-0.6497761493333333	-0.6533106296343192
-0.5048198090222222	-0.5115002927675536
0.8573245688888889	0.8598083570232384
-0.3715134418666667	-0.37330911787659254
0.5984117387555556	0.6011096819718831
0.6076979594666666	0.6049074145432137
0.7289422968444444	0.7263056187083339
-0.675516555288889	-0.6749468356510233
-0.8459463951999999	-0.8478873680178831
-0.016596599200000003	-0.01767075492498262
0.22998865884444444	0.22426974280712123
0.31863889684444446	0.3167133135791628
-0.9723429585333334	-0.972546819433311
0.6238838855555555	0.6241902563541201
0.25437704204444445	0.25308190957858495
-0.2337750281333333	-0.22558482336819383
0.2579450753777778	0.2609726014458978
0.6966499576888889	0.6984704355119875
-0.07504587022222221	-0.08570966629930368
-0.026533847155555554	-0.01846910060677207
0.4141610229333333	0.414105038745572
0.56699276	0.5891468246685824
-0.908627328	-0.9121558137154748
-0.5772924501333333	-0.5849226658308648
0.7313934462222222	0.7358001696830411
0.9332430945333334	0.9999999994763346
0.4841831369777778	0.4816822220108768
-0.8931292336	-0.8928882664887802
-0.18754119213333334	-0.18437396163369899
-0.4521951519111111	-0.44745141382268344
0.363301984	0.36074274160812886
0.9079776936	0.9060057159717987
0.8463352966666667	0.8423357212441105
0.8163254242666667	0.8155622637362817
0.9096835751111112	0.911436122603126
0.26114487999999997	0.2609292099214584
-0.11073696515555556	-0.11044175065719206
0.27445989066666665	0.27004103870990476
-0.5356207086222222	-0.5368709208226036
0.8091209653333333	0.8086791898247635
0.9511402588444444	0.9511557650038301
0.5007233097777778	0.5064467746547088
0.8689333367555556	0.8692957214747479
0.7751662216	0.7775072825641669
0.7816757190666667	0.7820642230451318
-0.2952927250666667	-0.28739412407597387
0.18409956426666668	0.18409302619648937
0.10482836866666667	0.10766539870198229
0.3257971768888889	0.3307563448588086
-0.7678589442666667	-0.7670526307939113
-0.6007389154666666	-0.5999285793082506
0.6840351709333333	0.6889273966782111
-0.6659653104	-0.6667507600904379
-0.6853794864	-0.6846861603795935
-0.15380186346666666	-0.1578386852213358
-0.25585931199999995	-0.2585968369749485
-0.403941332	-0.40672292901262713
0.6935140426666667	0.6951784007734602
0.7808115541333334	0.7781271584117702
-0.8948368725333333	-0.9018114978748145
-0.30528261279999996	-0.30669148847643585
-0.6131193668444445	-0.615495617673041
0.8247514977333333	0.8244683266828994
0.9928323321333333	0.9982702648392143
-0.3892045326222222	-0.4111607375005705
-0.7881265960888889	-0.7887538614909108
0.8026476672888889	0.8006613076437241
0.5102055381333332	0.5138258554113284
-0.9100106606222221	-0.909729665957278
-0.4710663248888889	-0.46554276858367477
-0.17665784724444444	-0.1672474362745754
-0.8283748649777778	-0.8282580021706489
-0.4138674174222222	-0.4156546208593072
0.3837426839111111	0.38520344582250954
-0.9229320428444444	-0.9237114778802222
-0.8939176030222222	-0.8953377199016729
0.6008138766666667	0.6009482949624321
0.36529007426666665	0.36679977015467363
-0.6956466192	-0.6958977508135552
-0.18441331431111113	-0.1867380779744332
-0.31781119986666667	-0.3102930393230364
0.5096461405333333	0.517961896568502
0.8023603235555555	0.7997767790587526
-0.6374839434666667	-0.6332124219672162
0.4962715558222222	0.4907129521022814
-0.8860741901777778	-0.8873508568949374
-0.9183484205777778	-0.9228690115239924
-0.9227680410222222	-0.9244061450410274
-0.6091451749333333	-0.6068626878532197
0.038493068488888886	0.03697693661998108
-0.7772072062222223	-0.774928683462945
0.6561501440444445	0.6555858523157495
-0.07444997066666667	-0.07698795027505578
0.6839547117777778	0.6822018755537793
-0.027911096666666666	-0.03226608794582562
-0.7735521987111111	-0.7781554991732237
0.5810061024000001	0.575757464919468
0.40301682866666666	0.39735486307998813
-0.4728270413333333	-0.4731934275045848
-0.6287475173333333	-0.6230958584902114
0.531321931111111	0.5224157739856206
0.8272014857777777	0.8262240416149783
-0.7298253042666666	-0.7277703877910535
0.9912218384	0.991675830619976
0.6752929285333333	0.6769231666565069
-0.3951645908888889	-0.3951656831946559
0.03498201168888889	0.0332541672496934
-0.36756694488888886	-0.3698387426562266
0.6977599537777778	0.6986337153978162
0.5089994506666666	0.5100369756940858
0.8353137173333334	0.8397308158098091
-0.9824888861333333	-0.9821875960962178
-0.12474907066666667	-0.1262459918647822
0.7872532913777778	0.7895623807411648
0.8379652125333333	0.8399216597637892
-0.8796905064888888	-0.8820553939869986
-0.8205851495111112	-0.8225389852218092
-0.44396816448888893	-0.4544275192507263
0.10389256675555555	0.10730343705178566
0.15642025955555558	0.1512884353253481
0.834776941511111	0.8333260323022836
-0.9201052490222222	-0.9192701487173548
-0.06386975786666667	-0.06511108060180061
0.5899704234666666	0.5860858985444359
-0.06698116746666666	-0.06493262289738135
-0.3120778826666667	-0.3212893036404909
0.29835849733333336	0.3003762456426818
-0.3797139984444444	-0.38099839729040413
-0.48127001537777775	-0.4775672240809733
-0.8046647826666667	-0.8043833711494978
-0.49579395035555557	-0.5829809479721866
0.7343696147111112	0.7674853162384381
-0.7286960937777778	-0.7283272153576978
0.1545748093333333	0.15554796648767047
-0.9642397054666666	-0.9999999997564197
-0.11744622391111112	-0.11388418545508527
0.2792142241777778	0.2784499158666806
0.9166519395555556	0.9186551138423314
0.08277802951111111	0.0858716308720324
0.9511405230666666	0.9501732624541319
-0.012441829066666667	-0.017341829000442493
-0.10332369311111111	-0.10211440059534564
-0.3538802382222222	-0.3803447151677013
0.854373956	0.854735058901584
-0.2209467251111111	-0.22595385632642792
0.6648392680888889	0.6632030808489888
-0.8941686368444445	-0.8948529341992079
-0.739920078	-0.739332457351785
0.06794648822222223	0.07054806462784285
-0.3807265335111111	-0.3849475063393329
-0.8695456873333334	-0.8694164253841925
0.6755461366666666	0.6718027740297116
-0.8333158257777779	-0.8329192202284943
0.1647444262666667	0.16332540260500525
0.49829352	0.495416744403015
0.2178464671111111	0.21666239049514585
-0.17333697942222223	-0.1696929043950842
0.1019579468888889	0.09896950354834039
0.022813738844444445	0.022176871840867477
0.6191667616	0.6147368956405906
0.7772632368	0.776514855932354
-0.1246730807111111	-0.1272117333017703
0.5445339979111111	0.5441170292788774
-0.2739204768444444	-0.26603541454414803
0.4799078216888889	0.4812887851346045
0.8375942087111111	0.8340602888361658
-0.44079019804444447	-0.4489753174790068
-0.8485969434666667	-0.8491865330564687
0.9746249466666667	0.9921928587178392
0.5547792277777778	0.5577420732186155
-0.8992182644444444	-0.8989655089990086
0.6955863336888889	0.6922068601031387
0.9387391601777777	0.9391613737406482
0.5768209134666666	0.5777976593264965
-0.1648784384	-0.1798591472016004
-0.6970353153333334	-0.6975691972355528
0.4306226405333333	0.42933191602245935
-0.8386830154666667	-0.8399017197798139
-0.5991148426666667	-0.5977808624457541
-0.08859504773333333	-0.08715118806103868
0.933380874	0.9332938477064721
0.5744813930666667	0.5814605383747998
0.22658594422222222	0.22767157589100856
-0.7977130986666666	-0.7999716158233523
-0.16032354999999998	-0.16595449036032697
0.3425041464888889	0.35735300700107314
0.10900892373333333	0.11128102941257173
-0.39966764444444447	-0.40205441009742476
-0.2871469568	-0.27788170155764796
-0.19944774773333335	-0.19700576457102723
0.9286536367555555	0.9298743830144657
0.6408061328	0.6418998124975556
-0.758649294311111	-0.7605532344470369
-0.6284233632888888	-0.6306646799937073
0.5130450814222222	0.5121816581385181
-0.3291640352	-0.3304709472470504
-0.702344256	-0.705517813810582
-0.7365443446666667	-0.736901392843177
0.5142023220444445	0.5120491769747771
0.06715132275555556	0.06683326659333483
-0.12501647768888888	-0.12353657464175402
-0.6033833731555556	-0.5994066815387147
0.017584007288888887	0.021740876268585452
0.21758338782222222	0.2163438463990328
-0.3315854916888889	-0.3264958742760541
0.9712030970222222	0.9719653806414924
-0.19053891875555556	-0.18850251867007442
-0.6988039981333334	-0.7032160647842999
0.923941132088889	0.9291600215860416
-0.17991655720000002	-0.1722509443418197
-0.8423933407555555	-0.8419493579360221
0.5917454581333333	0.5893410777195935
0.22787913164444443	0.22720829833242975
-0.6838741994666666	-0.6844722331367394
-0.3055232704	-0.30905772899552897
0.8876525697333334	0.8876009156992046
0.8816871338666666	0.8835431735791837
-0.5589204611111112	-0.5583604587515998
-0.37211428551111114	-0.3733280058886584
0.11438748324444445	0.10323074731428707
0.8811183830222222	0.8798575168429661
-0.8021215438222222	-0.8016888882184987
0.8603788408888889	0.8608928338306604
0.5866851120000001	0.5866778237996101
-0.008313258666666667	-0.005824693934180811
0.7259509952	0.7288339197132342
-0.6004359932	-0.6020213558911465
0.9939114124	0.995670935159644
-0.33402874413333333	-0.3350052668044474
-0.6495222361333334	-0.6482566564415422
-0.06569710311111111	-0.07284609653414079
-0.9015349500000001	-0.8999374946429501
0.7826126464000001	0.7833406895395999
-0.6013788544	-0.6039799613468055
-0.74318236	-0.756245458611261
0.7951982971555556	0.7968655576604776
0.21347936084444444	0.21534322043743567
0.7948571297777778	0.7956147739743734
-0.7553367011555555	-0.7543936610364215
-0.33973653191111114	-0.3405632703506624
0.2180117118222222	0.21228391049058792
-0.3476416094222223	-0.34744724579123654
0.6298993691555556	0.6257047569044426
0.6298428858666667	0.6281168605519083
0.7130157216	0.7112348895734268
0.6447257589333333	0.645813369352135
0.7517014299111111	0.751398281552919
-0.8771086861333333	-0.8757777187494685
0.1411579956	0.13891629604169795
0.02646524902222222	0.017788860328439935
0.9737290716	0.9752346314199248
-0.8728880485333333	-0.8730612962092589
0.08445885155555555	0.07709902054580349
-0.7817256011111111	-0.7813836668611692
-0.3236493676444444	-0.3359357742499495
-0.16581747404444444	-0.16713550604086067
-0.15759283662222223	-0.15477930158270053
0.4136549733333333	0.41636797487822663
-0.17754105688888888	-0.17876760019213653
0.08459136462222223	0.08585265023925841
0.157582826	0.15328755552358164
0.9604652615111111	0.9608384343787014
-0.2844818898222222	-0.2675806811401877
0.5190241924444445	0.5273607651126464
0.02158400168888889	0.015249263372131045
-0.8672189617777778	-0.867469546291986
-0.8384689000000001	-0.8387102795275361
-0.9750248638666666	-0.9727453098862864
-0.46993081288888894	-0.47128453575260465
-0.14866582053333333	-0.1491470731088614
0.48530621986666667	0.48633849046761546
0.75251088	0.757259474661504
-0.6687995070222222	-0.6670055202618566
-0.40193291573333334	-0.3995947537481473
0.8685510953333333	0.8710409313101193
0.6010999210666667	0.6009727504166223
